500 200
5249
13550
22096
28851
36753
39064
43340
50963
60160
61980
68617
70947
73061
73124
77215
81578
84974
89065
95877
97454
99232
99623
106496
110494
118736
126269
136211
145855
147417
147893
154348
162179
166822
167776
175541
184248
192098
195151
197775
207326
212006
220210
223561
232908
236273
240066
242009
246943
252679
252937
254138
254397
261359
265423
272542
280714
289431
290423
295246
303693
308444
308789
316501
316893
317888
321948
331889
337321
342626
345037
345510
349067
352967
358762
367956
376358
381499
391366
397902
399534
407852
408126
415045
418585
424547
433079
441963
448038
450105
450519
454716
463928
469484
478478
485138
485247
493848
502309
503057
503930
510557
510676
519176
520504
529864
530674
531615
535134
535928
540655
540790
545575
550085
551242
559587
561609
567850
568517
575493
576969
581527
590567
594958
598425
606636
615789
620165
628706
631375
635954
636452
643202
652514
659932
665576
673216
680460
689509
697822
699856
705292
707143
708707
713125
722790
730599
732324
736405
738963
747807
757803
761801
765166
765932
766146
770503
773050
782566
787229
788638
797333
803596
810507
811370
815058
824878
829509
830315
831571
838539
838672
846036
846887
850342
852708
855726
856843
864330
873350
874753
882796
890205
895005
896270
898382
902990
908568
914137
918132
918416
920759
930423
930742
940455
942800
944357
951737
955005
956986
959210
959686
965828
966766
967466
968050
975775
979189
980887
985234
995033
998022
999780
1000131
1002339
1004375
1009436
1015843
1017776
1026810
1032609
1037894
1041055
1049855
1052737
1058670
1059383
1063186
1070905
1072819
1079103
1081575
1087336
1088840
1089341
1095404
1101950
1104031
1105610
1106677
1113477
1118600
1120840
1125713
1126402
1127444
1130805
1138643
1139974
1143816
1150278
1159588
1164948
1172460
1178279
1179186
1182289
1182667
1188369
1189596
1193913
1194492
1196774
1203139
1210881
1211037
1220128
1222221
1224940
1225027
1234006
1242252
1245546
1252904
1260332
1268115
1272400
1274140
1275562
1283235
1291717
1291870
1297209
1299753
1309323
1311159
1311361
1320689
1322753
1324925
1328398
1329296
1333392
1341192
1348447
1354469
1360358
1366286
1369599
1374314
1374660
1376839
1383922
1384512
1385892
1388374
1388703
1398175
1402888
1407021
1411003
1413494
1417041
1418405
1420929
1422134
1431966
1434215
1435668
1438650
1441542
1446131
1454070
1456109
1461988
1470051
1477678
1481433
1483514
1488278
1493501
1497760
1503323
1507622
1509409
1512477
1517893
1520734
1527302
1532401
1532622
1538131
1542731
1544232
1553020
1557432
1561761
1568009
1568864
1572743
1574501
1579083
1584726
1584841
1592971
1595950
1597752
1601978
1606072
1614508
1617938
1618066
1624526
1632984
1641875
1651564
1660361
1663729
1667653
1673182
1678999
1683464
1691993
1700749
1701858
1702328
1702960
1711175
1714433
1719392
1724521
1733671
1740170
1748033
1753639
1758559
1761221
1761746
1767988
1774428
1780515
1783243
1791684
1798081
1801867
1811557
1811878
1821834
1830546
1831819
1839707
1841031
1842202
1846980
1851490
1858316
1860089
1866279
1871475
1874081
1879943
1887513
1895966
1896516
1901849
1906667
1910591
1914977
1918554
1920840
1921566
1922022
1926566
1928581
1933894
1941055
1942902
1943409
1947638
1954409
1956348
1960099
1969781
1977229
1982541
1990426
1992933
2001204
2008636
2009579
2019573
2020047
2026629
2030047
2032754
2041690
2048341
2049571
2059312
2065195
2067692
2076505
2082759
2090387
2096754
2097764
2106938
2114936
2122580
2130680
2135144
2135320
2135711
2145578
2149726
2158373
2159947
2162990
2171470
2175946
2185303
2186102
2191103
2198416
2206162
2208177
2208493
2209255
2214070
2215210
2216035
2219261
2222660
2223495
2226170
2235541
2245506
2255419
2257500
2258430
2261727
2263261
2269750
2277256
2280900
2282305
2282590
2283166
2283276
2290191
2293589
