999979 18
999965 21
999955 28
999892 57
999839 137
999802 188
999760 206
999670 317
999596 351
999535 434
999517 447
999487 469
999430 500
999387 507
999348 524
999217 649
999192 661
999179 784
999029 859
998963 882
998936 1052
998649 1065
998607 1382
998394 1437
998358 1494
998193 1669
998100 1869
998009 1991
997774 2151
997684 2257
997496 2349
997288 2615
997231 2635
996754 2674
996742 2743
996717 3159
996623 3376
996480 3471
996438 3559
996018 3736
995950 3745
995780 3825
995687 3933
995648 4247
995592 4358
995164 4383
995058 4430
994962 4545
994897 4611
994764 4645
994689 4835
994678 5277
994636 5350
994548 5447
994413 5500
994170 5708
993957 5941
993937 6010
993909 6059
993615 6353
993587 6409
993320 6555
993273 6631
993176 6638
993130 6859
992623 6983
992554 7087
992440 7501
992161 7730
991888 7731
991886 7786
991711 8057
991557 8100
991420 8430
991298 8469
991027 8760
991019 8767
990954 8938
990610 9382
989839 9510
989596 10061
989398 10395
988671 10435
988283 11636
987729 11918
987150 11921
986975 12843
986433 13525
985758 13735
985047 13949
984980 14349
984414 14771
984404 15186
983939 15473
983557 16004
983048 16524
982828 16875
982499 17470
981603 18090
981097 18373
981003 18856
980695 18914
979980 19165
979783 19854
979152 20002
978943 20784
978887 20862
978662 20974
978484 21078
978001 21089
977643 21693
977444 22243
977031 22432
976990 22567
976160 22747
975775 23891
975476 23962
975265 24393
974842 24953
974839 25127
974646 25274
974012 25367
973317 25835
973209 26187
972610 26774
972303 26916
972276 27348
972069 27382
971984 27446
971021 28566
970673 29289
969455 29349
969295 29815
969007 30123
968530 31321
968218 31419
967898 32024
966362 32927
966280 33470
966200 33490
965654 33817
964967 34788
964154 35777
962922 36155
962752 37006
962736 37176
962281 37627
960759 38111
960572 38643
960372 38658
960183 39205
959664 39206
959534 39328
958682 41056
957854 41964
956902 42909
955853 44000
953061 46735
952386 47015
951854 47836
950098 49112
949737 49979
948003 51514
947746 52091
947077 52214
946945 52514
946176 52721
945585 53117
944973 54719
944551 55376
944244 55394
944148 55769
943554 56373
941227 57442
940181 59462
938879 60263
937685 61655
937179 62417
936525 62818
935848 63784
934549 64271
933973 65245
933454 66461
932612 67196
930973 68293
930017 69337
928224 70778
927963 71010
927712 71566
927284 72521
926124 72720
925637 73106
924865 74929
923203 76074
923069 76685
921406 76918
920580 77113
920180 78397
920030 78851
919473 80109
918804 80116
918760 80119
917142 81148
916761 81809
916667 82621
916465 83460
915198 84774
914895 84825
913364 86636
912295 87580
911720 87797
910623 88018
910321 88597
909486 90398
907763 91530
907460 91930
906404 92772
906013 93602
906010 93775
905287 93850
905180 94136
904937 94575
904398 95222
902557 95924
902204 97035
901000 97483
900850 98015
899067 98305
899051 99902
898860 99961
898620 101336
897757 101911
897313 102207
895338 103708
894061 104095
893738 104558
893086 106476
891535 107669
891323 108622
888602 109086
887712 112010
884475 114624
883547 115975
883146 116575
882926 116666
882581 116723
880503 118415
879443 119051
878082 120492
876325 122839
875800 123745
874538 124741
873990 125458
871987 127155
871718 127190
871579 127839
870007 128966
869663 129445
868823 130498
867628 132028
866079 133404
864352 134981
864174 135797
863305 136600
861593 137638
859130 139615
857899 141446
856822 143072
855218 144134
854933 144800
853431 146440
852230 146663
850892 146688
850686 147108
850067 149657
848939 149673
848339 150738
846905 152855
846392 153044
844710 154384
843513 154852
843452 155686
843176 155963
842805 157080
841956 157624
841415 157641
840562 158442
840138 159028
838013 161385
837716 161633
836110 161804
835516 163287
835306 164023
835037 164689
833365 166332
831256 167612
830510 167705
830319 168640
829189 170661
827429 172571
825019 174911
824681 174925
823117 176136
820126 176360
819732 180027
819506 180202
818004 181628
816757 181920
814998 183808
814799 184964
813493 185403
811615 185563
810123 187475
809844 187616
809433 188107
808672 190188
808201 191763
805656 193528
804683 195122
803407 195999
802509 196236
802473 196266
801755 196942
801370 197044
800584 198706
797557 200310
797171 202693
792466 202705
792436 206897
791328 208431
789253 209108
788422 211577
785820 214138
783210 216184
781639 217553
780786 218445
780619 218615
780442 218679
778588 219976
778549 220940
776653 223050
775631 223901
774044 225549
772276 227438
770573 228737
769534 230232
768608 230984
764889 231670
764674 234119
763821 235372
762613 236052
762332 236697
761665 237508
761088 237675
759224 240668
754527 243130
754420 244834
753472 244925
753214 245697
752377 246347
750574 248949
750506 249091
748643 249378
748464 250287
747456 252506
747451 252529
744797 254445
742166 255392
741450 256476
740976 257730
739284 258442
737792 260788
736412 263165
733355 264422
732638 266492
732505 266510
728464 267356
728353 269486
727100 272565
724415 274741
722836 276780
720151 277837
716608 282107
714018 284640
712986 285518
712929 286518
711311 286546
710778 287668
710323 288183
708480 288775
707110 290121
706349 292967
705692 293484
704618 295281
702633 295586
702448 297092
697689 302040
696914 302321
692830 306378
690883 309103
689753 310042
688890 310621
685781 311515
682835 315779
679671 317468
678515 320440
676151 323287
674965 323647
673196 326110
671180 326318
670849 327975
670707 328548
668661 329616
665025 331330
663928 336010
662397 336251
661339 336747
660964 336858
658832 340700
657216 342147
655764 342850
654350 343140
653983 343389
652490 346205
652319 346373
651609 347658
647856 349580
647840 352151
644676 354183
644587 355001
641275 355453
639392 356112
638508 356873
637929 358810
636657 359999
635205 363004
633123 363963
631567 364483
631227 366264
628393 371060
627647 371558
623936 373703
623554 373791
622567 374913
620747 376859
620715 377552
618730 380947
617175 381731
614491 384076
612726 384743
611167 384962
610998 385661
610721 388469
608053 389838
607202 392627
604704 394274
603642 395359
600227 399407
598654 399923
596687 402125
593031 405441
592179 407585
589994 409249
585463 411705
584599 412258
584314 415407
581638 417524
580085 419689
577766 421700
574456 423013
572788 424837
570546 426711
570373 427331
569570 427930
569410 429000
569047 430781
567746 432118
566284 432185
565070 432854
562240 434863
561766 436814
561288 437212
560846 438745
558879 439801
557461 440077
555866 443960
555481 444413
551180 444851
550669 446365
550588 447197
547227 451510
544881 453913
542614 455494
541152 456521
538477 457968
537705 460363
536586 460503
536200 460721
535436 462398
532197 466335
531852 466736
530819 469019
529612 469967
528177 471698
523769 472268
522727 475215
521644 478160
520500 478193
519977 478575
518311 479615
517619 481807
514591 483117
514298 485642
507623 488280
506910 490901
506355 491909
504074 492071
503437 495560
501743 495665
499678 497613
498464 501206
497342 501816
496423 502457
495959 502886
492293 503041
491955 506043
490725 507415
489463 508577
488671 509330
487127 511051
486828 511931
485088 513764
482835 515699
480355 519518
478835 520325
478812 521023
476366 522810
474260 523579
473000 524913
471271 525547
470481 529216
468466 529607
463673 531571
462581 533061
462378 534640
458149 536153
457193 537845
456576 541052
455963 541376
449121 545017
448522 550460
446614 551841
444593 552590
442911 552883
440449 554927
440174 558830
436715 560054
434485 563649
433785 565698
431161 566442
430802 568693
429826 569213
428497 569736
427270 570029
426811 571663
425517 573568
422836 574242
420303 577972
417667 580291
417598 581548
412893 586924
410218 588946
409264 590367
406181 591527
403166 595355
401908 595990
398277 598136
397786 602012
396583 603024
393676 603317
392418 604935
389221 605438
388715 610203
388639 610777
385982 613449
382693 615773
380586 619371
379190 620291
375152 623066
374333 623242
373960 623942
372897 625288
368709 628000
366952 631227
363574 635710
361402 637577
360273 638034
357460 639359
351590 646710
349483 649031
344368 652231
342130 655183
340560 658169
338335 659003
334983 664217
333706 664843
330816 667615
329582 669162
328571 670382
328291 671472
322925 672214
322690 675381
318227 679924
314558 683369
312505 685792
310768 688826
308773 691148
302451 692940
301138 696695
299353 699080
298528 701306
294680 704418
294505 704729
291156 707139
284558 710904
279999 715103
279860 717435
275435 718187
275256 721777
273331 722756
272554 725019
269195 727193
264319 727795
263123 730906
260093 739076
258065 741035
251867 746557
250265 746666
249412 747095
247543 748343
246755 748618
245718 753946
242528 755919
241731 758246
232964 766511
231417 767648
225107 768737
224193 771649
220682 772826
220544 779143
215117 781240
214563 781938
212401 783345
211864 785095
210524 789123
206058 791301
205369 792054
202558 795923
202346 796357
197459 799947
193179 805426
187501 812330
182898 814357
178664 814414
176095 818753
175168 820261
173553 823400
169895 823799
168982 830699
166608 830798
163427 835401
161137 838523
158777 839761
151334 845647
146172 853722
141776 856892
135085 862686
129429 867113
128778 867633
127406 868736
125895 873964
123637 874022
120124 874623
115357 879969
115258 883984
111534 884925
109054 890407
107283 891838
104407 894713
101549 896397
96981 900107
93485 903728
92834 905207
91590 908030
88226 909086
82850 912688
81767 916166
79164 919364
77871 919678
77479 920681
74585 922722
72604 927137
70998 928758
65949 932996
65064 933795
61932 936273
59683 938220
59077 940822
57092 942214
56892 942382
55584 943723
54266 944928
51102 947605
49055 948555
47122 950387
46559 953273
42737 954461
38147 960863
36130 963345
32404 966956
28678 968242
27189 968259
26844 969171
21364 971316
20705 975293
19224 979901
17582 980555
14527 984229
10727 987315
9791 988177
9116 990812
6587 990821
3724 993590
635 995308
