20 100
9190
8940
7460
6760
7540
9140
8170
5790
8010
9030
9870
6250
7010
5290
8260
7890
6330
8790
5330
6410
9240
9670
5330
7650
5490
5640
7180
8360
7810
6710
7240
6860
8740
7060
8150
9300
8510
9010
6800
9660
7670
9020
5260
5020
6310
9800
7750
8210
7100
8900
7140
9700
9160
6760
6530
5330
8790
6420
7700
6480
7230
9440
7520
8160
5530
9940
9270
8840
8640
7330
9390
6700
8440
6930
5090
6950
5240
8090
7310
7360
9410
8840
5900
9780
5970
7050
8810
8460
9190
5770
7510
7970
6210
5190
7610
5330
6800
9010
8410
7170
