100
1 1 0
3 5 6
2 2 0
4 4 16
2 2 3
1 16 8
1 16 7
3 4 7
5 3 15
1 16 9
6 2 6
1 16 0
2 4 1
4 4 8
4 2 6
7 2 10
3 5 7
1 15 0
3 5 8
3 5 2
2 4 8
5 3 0
3 4 12
15 1 7
2 3 1
5 3 13
4 4 1
2 2 2
16 1 9
3 5 0
4 2 1
8 1 0
2 6 4
5 3 6
1 16 16
4 3 9
16 1 1
15 1 6
2 3 6
1 15 15
15 1 15
3 5 3
1 16 1
2 8 10
3 5 12
12 1 9
2 6 9
5 3 3
5 3 5
3 2 5
5 3 8
3 5 5
4 4 9
8 2 13
6 2 12
15 1 1
1 15 6
16 1 0
9 1 6
5 3 7
1 15 8
3 5 13
4 4 7
2 6 7
16 1 16
2 5 8
5 3 9
1 15 7
5 3 12
1 15 1
2 3 4
16 1 8
4 4 0
5 3 4
5 3 2
3 5 9
8 2 15
1 1 1
5 3 11
5 3 1
3 2 3
5 3 10
3 5 14
5 3 14
12 1 10
1 9 1
3 5 10
3 5 1
7 2 8
3 5 11
5 2 8
4 3 12
3 5 4
15 1 0
1 9 6
16 1 7
6 2 4
3 5 15
15 1 8
4 2 5
