100
2
342 1 431406775
78 1 548710784
2
297 1 705418317
136 1 782377916
2
160 1 89808354
199 1 94965106
2
137 1 63568789
256 1 681116534
2
81 1 712397848
359 1 212856897
2
348 1 896971631
21 1 650160650
2
263 1 379696630
97 1 113699354
2
226 1 706412729
305 1 813072217
2
219 1 661089946
78 1 824430626
2
26 1 772334323
149 1 396633326
2
178 1 606854821
350 1 538215372
2
61 1 909223320
256 1 564306485
2
145 1 332864980
180 1 539351700
2
96 1 140398950
173 1 60381322
2
139 1 452470967
185 1 533336184
2
15 1 700342500
96 1 235402006
2
273 1 627560018
169 1 475718685
2
242 1 594992554
166 1 48685710
2
41 1 688783013
48 1 916280156
2
223 1 3751998
26 1 261400923
2
246 1 8528668
289 1 742754988
2
178 1 816939343
355 1 890186163
1
180 2 1
2
323 1 345294915
153 1 769336132
2
310 1 403843316
91 1 921804181
2
51 1 471197411
356 1 400000000
2
111 1 246810810
130 1 78949814
2
73 1 262246227
260 1 87018732
2
100 1 309191753
111 1 889547393
2
21 1 807068710
118 1 783165024
2
174 1 520475026
251 1 344744592
2
281 1 493613128
134 1 750238355
2
180 1 10
180 1 30
2
285 1 21577478
266 1 954417271
2
23 1 620577659
239 1 3604871
2
42 1 566565415
283 1 39052313
2
17 1 771418985
187 1 978185587
2
296 1 489145492
309 1 281137971
2
359 1 728186341
150 1 148808268
2
44 1 72680017
175 1 561683571
2
305 1 916294496
35 1 353216432
2
62 1 438916106
211 1 676238884
2
16 1 150365557
65 1 34783572
2
275 1 582918702
124 1 251603573
2
87 1 514036248
65 1 783235198
2
63 1 791114436
352 1 805703260
2
254 1 743569494
58 1 419251781
2
142 1 49575477
73 1 946343887
2
162 1 145336342
100 1 514152205
2
136 1 944442199
155 1 919538856
2
122 1 1000000000
33 1 383749966
2
357 1 702035224
263 1 696748365
2
180 1 100000
180 1 1
2
341 1 671821056
316 1 189404235
2
70 1 739468945
243 1 346645800
2
232 1 215273512
216 1 31894953
2
297 1 548083118
323 1 545169329
2
114 1 856373729
346 1 41114513
2
56 1 679659956
273 1 212102199
2
81 1 897601123
301 1 585730377
2
11 1 50184935
8 1 433530406
2
23 1 923731308
228 1 801050624
2
237 1 252903484
167 1 513244690
2
348 1 157710038
18 1 877721914
2
346 1 570606956
90 1 133095662
2
230 1 380767773
59 1 270652932
2
241 1 217386299
259 1 914963074
2
52 1 621276614
173 1 464071229
2
275 1 131543645
334 1 659748590
2
156 1 671643647
147 1 971513981
2
223 1 504061851
83 1 787702008
2
315 1 657387196
217 1 805529766
2
292 1 633810045
325 1 937218222
2
85 1 915364260
347 1 975891551
2
259 1 256935930
72 1 731646496
2
270 1 95447586
313 1 695631143
2
59 1 750969524
330 1 409461369
2
60 1 906717790
140 1 75262312
2
144 1 626114756
44 1 646449791
2
205 1 261535645
73 1 242147506
2
59 1 421072385
155 1 800040957
2
75 1 38226593
73 1 516871006
2
110 1 381272478
297 1 898227930
2
164 1 984317121
112 1 64135094
2
239 1 561822652
278 1 746170674
2
192 1 366888069
48 1 899107620
2
167 1 43269461
127 1 672921829
2
149 1 200734106
193 1 873870602
2
44 1 763970936
231 1 79038962
2
123 1 187425833
236 1 382642642
2
74 1 407073857
320 1 111231680
2
222 1 232432465
111 1 78762648
2
359 1 40000
157 1 71133
2
35 1 523286136
74 1 558222166
2
63 1 799436481
296 1 717955150
2
184 1 844125077
301 1 29277777
2
79 1 597541193
170 1 54576524
2
143 1 244239481
234 1 579186351
2
346 1 435183993
333 1 344589425
2
304 1 581656472
43 1 328668608
