40
1037 10 5620
0 83 148 165 332 425 507 767 835 1012
1071 10 3753
0 37 50 577 625 778 911 931 1009 1070
1003 10 1110
0 88 526 584 751 816 923 974 985 995
1039 10 3446
0 79 130 270 329 575 584 612 785 869
1073 10 1215
0 51 67 183 325 336 432 464 517 612
1087 10 2464
0 63 290 310 312 345 418 640 815 837
1019 10 1433
0 97 185 206 430 571 599 747 808 1009
1086 10 1402
0 81 175 341 397 553 696 985 999 1081
1022 10 1234
0 61 128 388 600 607 625 723 808 858
1079 10 5544
0 66 106 244 297 373 462 522 660 904
100 60 459
0 1 2 5 6 7 8 10 12 13 17 18 19 21 25 26 27 28 36 37 38 39 40 42 43 45 46 47 49 50 55 57 58 59 60 61 63 64 65 66 67 68 69 71 74 76 77 78 79 80 81 82 84 89 90 91 92 93 94 97
100 60 14
0 2 4 7 8 9 13 16 17 19 21 25 26 27 29 32 33 34 35 37 38 39 40 41 43 44 45 48 50 51 52 53 54 55 57 58 61 64 65 66 69 70 71 74 79 80 81 82 85 86 87 89 90 91 92 93 94 96 97 99
100 60 477
0 1 4 6 7 8 9 12 13 14 15 16 17 18 19 23 24 26 27 28 30 31 34 35 39 40 44 45 47 49 50 51 52 55 56 57 58 60 63 65 66 70 73 75 76 78 79 80 81 82 83 84 86 87 90 93 94 97 98 99
100 60 294
0 4 6 9 10 11 12 14 15 16 22 26 27 28 29 30 35 36 37 39 40 41 42 44 45 47 48 50 54 57 58 60 62 63 64 65 67 68 70 72 73 74 75 76 78 79 80 81 82 84 85 86 87 90 91 92 93 94 96 97
100 60 430
0 1 2 4 5 6 7 8 9 10 15 17 18 19 20 24 26 33 34 38 39 40 42 44 46 47 48 51 52 54 56 58 59 60 62 63 64 66 67 68 69 70 71 72 73 74 77 78 81 82 83 85 86 89 91 92 94 96 98 99
100 60 2
0 2 4 5 7 8 10 12 13 14 15 16 17 21 23 27 30 31 33 34 35 36 38 41 42 45 47 49 51 53 55 56 57 58 60 61 62 64 68 69 70 72 73 74 76 77 79 80 81 83 84 85 86 87 90 93 95 96 97 98
100 60 403
0 5 8 12 13 14 15 16 17 18 19 20 21 23 24 26 29 30 31 32 34 35 36 37 39 41 44 45 46 48 49 50 51 52 54 55 56 58 60 61 63 67 68 70 71 72 74 76 78 80 83 85 88 90 93 94 95 97 98 99
100 60 314
0 2 3 4 8 11 14 15 16 19 20 21 22 23 24 25 27 28 29 30 32 33 34 38 41 42 43 44 45 46 48 50 51 52 53 57 58 59 61 62 64 66 67 69 70 71 72 74 75 78 79 80 81 85 89 90 93 94 96 99
100 60 120
0 2 4 10 11 12 13 14 17 19 20 23 26 27 28 30 32 34 35 36 37 38 39 41 42 43 45 47 48 49 50 53 54 56 57 58 59 61 63 64 66 67 69 71 72 73 75 76 77 79 80 81 82 83 84 87 89 90 93 97
100 60 391
0 1 4 5 6 7 8 9 11 12 13 14 16 22 23 24 26 28 29 31 33 37 41 42 43 44 45 47 48 50 52 55 58 59 60 66 67 68 69 70 72 73 75 76 77 78 79 80 81 82 83 84 85 86 89 91 92 95 98 99
10022 10 22924
0 286 1443 1923 2086 3217 4966 6724 7356 8949
10057 10 46717
0 3366 4242 4401 5653 6800 7317 8130 8313 10033
10015 10 11982
0 258 2380 2608 3592 3727 4880 7526 8265 9487
10010 10 27330
0 12 870 4482 5644 6816 7298 7663 8167 8817
10029 10 4668
0 2986 3291 4299 6023 6277 6703 8098 8531 8785
10070 10 16635
0 21 1974 2028 4651 5084 5825 6159 6486 8593
10016 10 1191
0 2501 5276 5540 6094 6446 6515 6793 7706 7946
10088 10 13374
0 1315 2291 2660 3286 5753 8950 9090 9128 10064
10090 10 21613
0 2790 3465 4177 4223 5797 6174 6291 8503 8645
10040 10 14166
0 96 1069 3293 3595 5093 6649 7230 8281 8664
700000 500 43599783
0 1361 3516 3936 5451 6493 7921 8385 8504 10858 11886 14344 15373 15520 15824 16320 19078 20537 21044 21889 23929 24875 25227 26205 29514 31194 32027 35772 37064 40372 40814 42923 43950 45398 45608 45947 45998 46848 47556 47856 48242 48271 51776 52731 54895 55004 56528 57215 57323 58961 60337 60706 62794 62849 63495 65752 67072 67395 70115 72403 74646 75050 75869 78174 78963 79043 79692 81847 83132 83421 83832 84910 87429 87689 89741 91208 93659 94032 95984 103020 103194 103681 103911 108129 108512 111513 112319 112354 112958 112959 113700 115188 117116 117372 118191 118356 120091 124387 124937 125656 128127 129396 130307 131246 131777 132821 134099 134627 136575 136748 139326 139539 141183 141383 141676 143709 144397 144461 145250 145604 146929 148719 149713 149784 150518 150535 150913 151306 152501 154257 155814 159948 162108 162376 163233 164040 164911 166249 168527 168966 170006 170082 173947 181746 183752 184356 185634 186543 188611 192322 192337 195388 197838 198304 199345 202498 204696 207582 208237 208396 210266 213994 215777 219021 220124 224780 226691 226784 227765 232678 234763 235077 235315 236861 238337 239988 242368 242528 243472 245543 246799 249087 252234 254475 256186 256207 256867 257180 260439 260507 260635 265268 266779 267263 267962 268304 268928 269068 272981 273407 276237 276942 279551 280553 283876 287187 287999 290433 292915 294070 295342 295689 296488 298513 299821 300071 300689 300711 306513 307597 307648 310172 311553 312259 313026 314497 315513 315845 315973 316109 318127 318605 318855 319102 323277 323569 323841 324319 324825 325262 326717 328788 328861 330781 332277 334802 336056 338459 338951 342949 344118 348887 350484 351417 354414 355185 356148 358117 359124 359671 361567 362887 363419 364078 364296 370375 370647 371940 373520 374148 375176 377174 378665 380182 382391 382441 385598 386568 392726 395268 396015 397755 400204 405235 407576 410605 412011 412117 413290 413456 414449 415594 417858 418433 418928 421702 421733 423928 424514 424873 425470 429080 430938 431280 431411 433165 437736 439413 441517 446432 446777 446953 448195 453021 454805 456433 456894 460184 460967 461076 461822 462031 463197 466192 466590 468290 468536 469531 469544 471214 472069 473380 477558 477628 479741 482414 482502 483972 490718 491023 491527 491872 492959 493883 494044 499472 501368 501557 502995 503489 503976 504930 505867 505974 506910 509607 509879 510176 510691 512020 514969 515142 519090 521541 521752 521794 521875 521943 523044 523124 528427 529534 531790 533731 534862 535116 535440 535925 537134 538269 539815 541229 541425 541934 542580 543386 546366 548159 548550 550117 551120 551342 552993 554576 557057 557817 560697 562556 564461 565467 567526 569478 570946 571657 573135 573839 574834 575788 576192 576981 578105 581780 582661 585049 588020 590335 590955 590990 593513 594234 600828 601385 604880 609822 609920 609995 610262 610460 610852 613751 614655 614988 617191 618733 619714 620083 620397 620654 622129 623922 625620 627277 627364 629181 629189 633571 635772 636806 641865 643418 644532 645243 647588 650112 650147 650492 651597 651781 653384 654845 654870 657439 658013 658381 660341 660399 664737 665183 667517 667999 668073 670889 671118 671242 671363 672507 675454 676032 676720 676800 677426 678687 682738 682937 686464 687308 687770 688129 689761 691048 691521 692703 693070 693775 694511 695200 696519 697995 698336 699235
700000 500 10080447
0 340 1837 2854 3417 4294 5020 8058 8092 9230 11027 13509 15233 16292 16871 17872 18103 21008 21066 22614 23438 24380 26905 27988 29937 30144 33856 34290 34501 35609 36736 40178 42548 44007 44177 47182 47696 49312 51830 52201 53611 54097 54328 54412 54989 56793 59045 60098 61212 62297 63612 66076 68659 70217 70636 70896 73882 76132 76160 76639 77404 78507 80478 81189 81486 82184 83610 84153 84999 86583 87310 89764 90522 90575 90722 90841 92518 93401 95063 96323 98666 101048 101581 103390 103861 103945 105130 105869 107216 108428 112546 112740 114303 114865 115779 118199 119616 120262 122283 122864 125379 126211 127466 130420 131118 131849 132191 132218 134506 135108 136091 136288 139263 143536 145273 147596 149238 150210 151032 152668 154359 155072 158502 161945 163242 164775 167685 167785 167961 168224 169309 170790 170995 171739 174456 179774 180169 181243 182170 183151 183278 184588 189701 191600 191641 192116 192320 192415 194093 195556 196383 196667 198195 198936 199874 201979 202054 202420 202533 203466 203535 203766 204094 204150 206043 206066 208406 208489 210454 210496 214160 217702 218306 222634 224632 224733 225486 225840 230062 231768 232407 238128 238906 241600 241820 242867 244740 248569 249798 250881 251949 252553 253208 254388 256137 258272 258912 259384 260245 261248 262053 269090 271520 271939 273725 275406 276146 276287 277354 277920 277980 278373 281912 283555 284379 285824 286802 287358 291017 291218 292269 294369 297838 298822 300043 304580 304602 304827 306507 307092 307220 307381 311317 317285 317491 318272 318701 318886 320946 322483 322558 323688 324039 325228 327374 330695 331916 332221 332778 333970 334664 334867 336794 338651 338973 339075 339142 341154 341446 341994 342003 342524 343196 343949 347988 350302 353951 354646 355078 355750 356713 358038 359506 366359 366666 366721 368251 368314 370849 371748 373427 377158 378514 380372 381045 382675 382848 383126 385215 385870 386965 389297 390245 391182 392316 392982 394367 395828 397455 398705 399805 400253 402425 407685 408394 408622 409900 412710 415365 415583 419300 419310 419782 422455 422798 425324 425849 426469 426699 428221 428612 432886 435908 436337 436980 437803 439879 441651 442955 443185 443701 447683 449384 449795 449903 451557 451559 451673 451953 453410 453431 455770 455800 455845 456020 456399 457875 459316 459940 460008 464675 464889 466553 467011 467114 470997 476076 480809 481439 482737 482780 484034 484929 485706 486428 487576 488521 489513 490038 491056 492474 494159 496538 498865 500844 500973 501680 503986 505581 507288 508074 513301 514101 514485 514548 514974 515170 516077 516993 517668 520466 524609 526338 528087 531052 531078 534999 535603 535641 535762 536921 537217 538005 539084 541027 542857 546172 549526 550289 550539 550603 551784 552493 554408 556892 557608 558713 560269 560450 562761 565412 565955 566582 569323 569869 571231 571928 572521 573519 574968 576445 579710 580005 580759 585645 586021 586922 587366 590744 591446 594437 596432 599326 600954 602314 604239 604621 605757 609266 609509 610345 611963 615318 617761 617911 618733 622922 623275 626394 626804 628444 629540 630049 632196 635177 638533 640405 642151 645398 651445 652355 656599 656611 657257 657588 657598 658395 660808 663382 666277 672885 675054 675329 675447 679135 679536 680282 680524 684717 686867 687773 688003 689245 690207 690871 692601 692946 696838 699112 699539
600000 500 53380876
0 1561 1839 2580 3873 6283 7214 10147 11223 11663 11665 12043 12517 13131 13258 14765 15412 17251 19793 20042 23061 24577 24637 24872 25707 26387 26555 26565 27585 28125 28262 29230 30183 30268 30484 30985 31263 31501 33379 35791 39627 40001 40066 40253 40549 41157 41887 42533 42561 43654 44365 45219 45919 47734 49056 52229 57265 59726 61265 62049 62616 64557 65546 67234 68061 68593 72957 72996 73784 73811 73884 74815 75189 76315 76549 82406 83921 84580 86492 86963 88673 89365 89892 91806 92916 95290 95623 95657 95703 96933 99802 100260 101764 101786 103385 104019 104834 109132 110156 112341 112503 115909 119191 119975 120575 120664 120839 123266 126811 127954 129805 130092 130812 133823 134872 135992 137120 141128 142397 143521 144183 145595 147506 148231 148889 149106 149326 149760 155961 156299 158289 158318 158836 158982 162617 163381 163646 163706 164700 164852 166474 166795 167375 170238 171046 175979 176758 178379 178395 179902 180200 182683 184488 186308 186470 188754 189698 190303 191305 191966 192297 192493 195217 196478 197377 197394 197622 197674 198409 198631 198688 199377 200941 205431 207315 207322 207543 208210 208508 208786 209304 212049 213180 215096 216949 217342 217550 220123 220995 221776 224045 224392 225540 225642 226258 226492 226669 227765 228307 228523 230278 230631 233018 233807 237531 237694 238166 240471 240740 241708 241848 241894 242674 243107 244203 245582 247275 248879 252767 253094 253356 253964 254201 256561 256940 257736 260127 260328 261634 262263 262500 262929 263243 264858 267778 269491 269683 271542 273443 275386 275712 276451 278239 279800 282714 285499 285669 286546 287537 288003 289859 290362 295498 295921 296831 298436 299063 299441 301828 304697 305390 306776 306795 307018 307055 309603 310047 310933 311035 311159 312129 312832 314739 321618 322105 324703 324732 325424 325781 328828 329013 329037 329969 334011 335144 336496 337279 337540 339109 339995 341040 342534 342819 343154 344436 345736 345799 346081 347323 347480 350709 351437 353784 354822 356754 357690 358103 359485 359508 359968 362078 363172 363935 370292 370991 370992 373296 373584 373988 376202 376364 379939 381124 381812 383476 384613 385212 386483 386604 390089 391838 393350 394752 395259 395418 399000 400171 401186 401958 404704 404761 404917 406535 407160 408148 408242 408660 409093 409955 410725 412292 412529 413299 413403 414482 414765 417547 418650 419692 424591 425664 426301 428262 430527 430977 431153 431341 436638 437808 437862 438031 438151 438864 438940 441573 444442 445027 447654 449392 450220 450398 450485 450791 451601 451889 452300 452954 454112 459856 459861 460443 461336 462160 463104 463313 465276 465887 466532 466659 467287 471180 471434 471598 472653 479037 481116 482188 482282 482599 484108 489692 492629 492789 494290 495595 496971 497786 498267 500010 500025 501476 503832 504667 505641 508752 509130 509701 513202 513450 514160 514201 515449 515776 515871 516569 518766 521037 522283 523150 524609 526431 526748 527055 528336 528983 529378 529424 529708 529999 530246 530926 532345 532952 532962 533294 534784 539940 540646 541281 542759 543677 544416 548112 550454 554571 554732 557056 557692 559041 561265 562586 564524 568102 569559 570442 571729 572306 573580 577026 577639 579046 579250 580325 581004 581042 581490 584527 584749 587894 590389 591880 592106 592240 592592 594404 595238 595616 596089 597367 599264
700000 500 44989451
0 558 663 4712 4899 9349 10087 10906 10984 12136 15579 19705 21810 21879 24617 25083 25377 25401 26577 28085 28685 30906 33559 34138 37116 38647 40674 46379 48265 49683 50834 52727 53936 56388 57821 57984 62575 64214 65358 65536 66509 66973 67899 68799 68933 69350 69447 70023 72932 72946 73327 74364 76388 76582 78831 78983 79699 80032 80563 81601 82545 84571 84923 85257 85290 87587 89400 89428 90395 92007 97328 101458 104269 104349 104823 105607 109346 113576 117367 117556 117847 119893 121309 121580 122068 122392 124110 124970 127897 129899 131472 132788 134927 135517 135649 139021 141475 142054 143614 144587 146504 152637 154798 156743 160446 161207 161317 164336 164761 164822 170413 170880 174114 175320 178557 181237 182193 183697 183798 189043 190864 191645 193326 196265 196844 197034 197580 199231 200255 201139 204442 205063 207219 209542 210271 211380 211765 212363 212683 213618 213679 215405 217732 222169 222609 226842 227079 228361 231061 231782 232245 233268 233497 234584 236018 236215 238699 240085 242854 243682 243780 244499 244652 245297 245883 247914 248385 248931 252827 255044 255455 258448 258802 259163 259990 260315 262040 262514 263385 263530 266248 267052 268990 269104 274839 277373 277680 278834 279315 281149 281391 281433 283717 283757 287361 287383 289204 290837 292495 292907 293445 294760 294955 295305 296823 297171 297622 303071 303100 305135 309601 309932 311344 311946 314310 317215 319285 319661 321616 322495 322932 324495 325365 325800 328790 329130 329729 330187 330313 333128 333791 334556 336292 338278 339511 340684 342676 344105 344906 348700 348909 349183 349459 350230 350772 350791 351903 352036 354451 355144 355300 357237 357274 357516 360117 362327 364946 365694 369504 369639 371805 372803 374731 377073 377211 377691 380536 380778 381052 381167 381665 382666 383011 383488 383623 384979 386955 391223 391466 393093 394068 394610 394860 395367 396137 396856 398081 398748 400129 400206 400857 401593 406403 410590 412656 413343 413476 416778 418067 421735 422773 425002 428865 430565 430693 432029 438111 438822 439851 440223 440578 440731 440882 440944 443300 444189 444875 445951 446858 449203 450557 451767 451844 453290 453854 455103 455416 456554 457585 463810 464289 467268 468766 470807 473355 473808 475839 476142 477187 477484 479607 481111 481762 482427 482457 482750 482937 486458 486625 487709 487972 488888 494682 497503 497683 497817 498592 499313 500837 501047 502130 505397 505956 506963 507008 507375 510707 511016 514478 514684 517955 518597 518940 519882 520784 521209 521217 526495 526768 528631 529046 529053 529585 533072 537577 537986 541012 541927 545708 547130 547250 550000 550325 553801 554959 555128 556460 556772 558357 559979 561184 561544 563661 563797 566725 566781 567311 571999 572485 572726 574884 575302 575506 577647 578614 578688 579771 582596 583403 583463 583800 586440 586500 586734 587234 588842 588901 591364 593080 594392 596616 601096 601689 602010 602236 603325 603880 603959 605034 608218 608573 609084 609292 612142 616076 617944 623325 623364 626279 626691 627347 628232 630044 631630 633443 636028 636741 638078 638166 638312 639671 643740 644711 646358 646513 652953 654273 655562 655714 656593 658017 658099 658373 659342 661169 664088 664307 666276 667728 667943 670301 670347 673509 674489 674617 675283 675533 675535 676071 676133 682109 682240 684257 684963 685337 686781 689311 691299 697396 698060
400000 500 13822053
0 522 819 2599 2910 2992 3748 4207 4260 4528 4745 4806 5238 6311 7332 7437 8523 10129 11160 11560 11596 11636 12592 14043 14362 14708 15220 15593 15748 16470 17964 19136 19890 20290 21888 22047 26849 27812 28127 28374 28485 29437 29844 31751 31847 33952 35023 35159 35170 36419 38825 40209 47131 50415 51134 53298 53914 55623 56682 56725 56839 57222 57280 57496 57821 59296 60677 63106 64498 64658 64763 65014 65224 65648 65707 66686 67160 69001 69554 69998 70229 70585 71448 72183 72521 74498 75446 78916 78961 79680 79849 80768 82776 83167 83261 83735 83992 84030 84458 85436 86098 89796 89854 90556 90588 91112 91481 92732 93031 94609 94669 96724 97610 97793 97955 97992 98500 99206 100181 100198 100606 100643 100795 102471 102581 102598 104834 105124 105139 105241 105374 105656 106415 106538 107378 107547 107610 108556 110729 110930 112780 113194 114885 115919 116091 117148 118455 118589 118886 119105 121433 121436 123020 125086 125800 125905 125935 125967 127010 127334 128011 130023 130577 132849 133360 133555 133853 135692 135981 137776 139835 140519 141089 142133 142301 143130 144580 145888 147326 148355 149138 150353 150911 152354 155053 155952 156971 158260 159943 160071 160609 160698 161125 161252 162743 163415 163586 164052 165154 165245 165512 165923 166126 166758 166946 170994 172966 173218 174988 176883 176965 178049 178250 178772 178949 179270 180134 181086 181262 181613 181842 182969 184202 184825 186075 186584 186959 187247 187710 188251 188828 188993 190000 192884 194859 195224 199321 199447 199637 200361 200922 201495 202785 203386 203595 203984 205089 205521 207589 207991 209826 210690 211046 211334 211341 213764 214107 215554 217665 218465 219117 219367 220603 221030 221078 221198 221937 222275 222313 223085 224552 224663 225121 226160 226313 226733 228081 228728 228975 229260 229740 230902 231717 232142 232526 232558 232597 233118 233851 233914 234270 234728 236153 236710 237848 238296 238554 239488 239633 239739 241101 243879 244017 244171 244631 244783 245254 246981 248955 249086 251269 251567 252584 253600 254064 254173 254878 255155 255161 255472 255591 256435 259932 260222 262765 262968 263083 263865 264076 265143 266652 267478 267768 268950 270177 270338 271292 271306 273550 274531 274980 275748 277078 277994 278063 278775 278858 278922 279490 279646 280638 281291 282164 282485 282664 284136 285686 286333 286403 288198 289808 289973 291204 292293 292572 294787 294948 295846 296345 296369 296892 298383 298426 300323 301076 303606 303894 304397 304645 305696 305933 307272 307330 307707 307858 308075 309362 310481 310535 311851 312225 312505 313047 316216 317934 318283 318631 318632 318683 319671 320701 321723 322234 323758 325282 325479 326422 326644 328296 328297 328684 333124 334293 335353 336623 337067 338147 338623 339472 339873 340034 340654 340821 341470 341805 342628 343300 344016 344463 344735 344828 344868 345286 346280 347522 348207 350326 351410 352945 353916 354559 354755 355564 355717 355860 357515 357516 357760 358211 359208 359243 359777 360685 362652 363460 363813 364688 364952 366380 366651 366800 366865 368987 369804 369944 370179 372440 373407 373607 373644 374185 377310 378280 378963 379311 379314 381809 385288 385651 386264 387471 388281 388926 390320 390333 391090 393495 393681 393903 393931 394803 395398 395547 395650 395717 396124 396191 397630 399149 399999
200000 500 16849039
0 863 1232 1340 1386 2358 2930 3535 4080 4206 4286 4495 4647 4742 4766 5336 5365 5763 5872 6490 6600 6821 6896 7145 8225 8941 9271 9320 9849 10240 10462 10596 11195 11566 12038 12196 12918 13830 14341 15639 15812 15984 16211 16386 16451 17332 17900 18425 18587 18610 19829 20010 20306 20653 20670 20812 20845 21255 21308 21574 22831 22886 23696 23778 23884 24669 24995 25054 25408 25962 26145 26611 26678 26772 27460 28543 31069 31557 31970 31977 32046 32097 32730 32932 33202 33548 33995 34019 34875 35292 35683 35983 36983 37926 38932 39139 39367 39802 39924 40335 41895 41949 43034 43712 43720 43992 44214 44231 44320 44916 45000 46468 47157 47351 47734 48223 48630 49168 49370 50346 50470 51093 51866 52155 52503 52723 53077 53176 53257 53880 54326 54378 55277 55596 56139 56421 56693 56996 57537 57787 57927 57955 58408 58766 59677 59850 59912 60180 61000 61077 61362 61858 62117 62310 62560 62641 63006 63030 63588 65070 65636 65800 66213 66627 67356 67754 68462 69315 69383 69437 69845 70153 70215 70283 70771 70820 71077 71542 72278 72503 73395 73429 73499 74214 75201 75214 75687 75808 76714 77280 78214 78295 78902 79575 79645 79680 79691 79868 79909 79926 81971 82221 82467 82900 83374 83897 85398 85640 85919 86179 86614 86839 87013 87330 87399 87516 88109 88281 88635 89407 89504 89609 90699 91636 91794 92399 93602 93620 93740 93780 94784 95363 95951 96155 96160 96281 96434 97704 98438 98856 99461 100020 100470 100727 100774 101077 101194 101698 102901 103465 103811 104003 105651 105979 106722 106920 107311 107493 107648 107911 108018 108160 108327 108632 108712 109080 109085 109649 109885 110000 110166 110192 110388 110852 110902 111196 111710 112021 112026 112149 112410 112957 113114 113691 113758 114619 114652 115311 115802 115804 116631 117229 117389 117420 117752 118156 118218 118234 118353 118591 119267 119382 119496 119568 120146 120236 120557 120655 120972 122739 123348 123495 124266 124326 124410 124838 125244 126036 126712 127102 127148 128598 129120 129149 129414 129642 129789 130043 130771 130909 131470 131744 131779 131967 133089 133613 135410 135479 137478 138005 138364 138531 138973 139769 140258 140261 140508 140509 141419 141703 141763 141851 141882 142781 142842 142958 144059 144205 144214 144362 144665 145382 145589 146462 146844 147249 148259 149166 149183 149481 150012 150314 150797 151668 151776 151805 152543 153649 154335 154424 154481 154644 154708 154740 155077 155278 155890 156014 156631 156857 157072 157488 157929 158696 158939 159081 159178 159183 159529 159627 160278 161193 161218 161711 161823 162053 162352 162783 163473 163673 163755 164862 164885 165059 165470 165504 165886 165944 166103 166663 166725 167453 167508 167737 167882 168714 168994 169167 169672 170336 171788 171984 172037 172138 172161 172722 173245 173668 174019 174588 174811 175113 175624 176284 176286 176767 177228 177615 177988 178015 178054 178408 179123 179707 180187 180397 180507 180864 180977 181346 181551 181601 182981 183580 185257 185617 185739 185891 186131 186726 186834 186852 186870 188364 188398 189457 190983 191026 191034 191355 191460 191481 192052 192089 192125 192563 193280 193390 193490 195232 195258 196199 196458 196645 196731 197252 198300 198547 199359 199801
800000 500 59259900
0 730 1023 1303 3318 4240 6534 7000 10413 13883 13924 16212 17471 18778 24939 32160 34253 34934 40804 43056 47499 48131 48859 48920 52454 52781 55580 59078 60106 61340 64441 65265 65928 66715 71221 74377 77685 77765 78262 79574 83132 84537 87580 87628 88771 89004 90167 94025 95181 97189 97308 97410 101832 102893 105319 107253 112266 112692 114403 116219 116792 116955 121311 121341 122755 123283 123505 124155 126049 126766 126911 127322 129283 129498 131411 135977 137451 138651 138982 144851 144862 145774 148177 148915 151447 151820 153265 153709 153856 154419 157769 158666 159217 162228 165632 165855 166635 172186 175748 175964 176848 179842 180179 182653 182810 184102 186287 188999 190365 190869 191611 192391 194301 195014 198817 199682 199761 200007 200404 206118 206655 210752 210829 212790 214044 214205 214396 214652 215893 217566 218032 218051 223868 224149 226748 226955 227067 231862 232853 235921 238034 239606 245576 245898 246162 246413 248008 248688 250142 250280 250354 252203 252819 255115 256665 256768 256803 256853 256915 259044 259956 261407 261827 263192 263202 264194 266143 267744 270379 271921 276273 276732 278218 280815 281333 281752 282234 290308 290332 290346 290669 291712 293875 295689 295935 297051 297752 297921 298465 300254 300643 300827 302265 303975 304347 304471 304855 305243 306282 309173 310340 311874 313718 313991 315290 316014 316325 318451 318909 319476 320908 322113 325033 331717 331940 332502 333233 337769 343921 345808 346712 347790 349247 350227 352520 355966 356401 357659 358148 363071 363154 363167 365044 365143 368491 369791 377413 378206 379440 382843 383578 384395 384562 385361 389527 390097 390286 394193 394308 395159 396162 396223 397552 400552 400881 402060 402240 406599 409927 413735 416055 416119 416199 417692 419718 422973 424171 424342 424507 428113 433382 433756 434094 437051 437316 439667 439931 443645 444622 446821 448043 449607 455221 455646 456500 457083 457641 457913 459384 460832 460877 461731 461757 463954 464739 466294 469390 472324 472898 476128 476681 476776 477765 478295 479782 479799 481935 482628 484261 491117 495424 498334 499163 500569 501527 503045 503389 503547 503826 505544 506455 508355 508601 509124 510408 514275 517338 519007 526548 530199 531069 531126 534319 535105 535815 536047 537134 538782 544023 545270 546421 549302 549432 551926 552447 555652 555859 556785 557434 558440 559531 559923 560321 560445 560758 563299 563740 565975 567701 570260 571822 574252 575549 575680 578168 579415 580872 583504 584945 586682 589355 590894 591115 591817 592077 594669 595513 596168 597587 606692 607474 608071 609972 614671 615679 616841 618623 618946 619249 619540 621097 624242 624753 625866 629392 631167 631198 633494 634264 634402 635792 636290 637947 638465 640515 642318 644348 645214 646172 647010 647373 648881 649307 649963 650350 652320 654591 661037 663483 663698 665672 666209 666484 667189 667924 670308 671433 673782 676724 677663 677984 678850 681096 682611 683332 683365 683929 685855 687602 690584 692701 693407 698721 701548 702544 703683 704172 706911 709413 710385 711826 713634 713750 715814 715943 716180 718977 720365 722933 723667 729883 731063 731211 733659 734669 735626 738560 739478 739667 739728 746760 746966 749481 754945 755275 756193 759281 759960 760674 761454 763358 764349 764955 764969 767200 770902 771468 773779 775178 775761 777034 784648 792091 793088 793316 794673 794870 797963 798193 799302
800000 500 48474179
0 2671 3052 4553 6366 7662 9656 9674 9848 11653 11922 12782 12902 23691 26523 27869 28199 29510 29533 31329 34567 34693 34874 35443 36885 40680 41625 41632 42536 43173 43241 43707 44891 45732 46980 47984 48265 54254 55914 56207 57732 60445 67515 70428 70573 74003 77280 81425 81521 82858 84819 86029 89219 89319 89392 91663 92681 96186 96398 97548 98094 98603 101028 101088 101365 102164 105163 105447 107125 107135 111062 111607 112502 112742 114327 116982 117449 118422 123430 134168 140836 142434 144646 144820 148903 150696 151928 155963 158442 162468 163731 165108 165367 167881 169444 171326 172004 174267 177206 178126 181653 182706 184381 186471 186677 186979 190627 193260 197334 197686 201042 201235 201385 204651 206020 206225 210424 210967 211298 211301 211828 213956 214119 218114 218468 218854 219377 221628 221976 222106 223533 224447 227725 230798 231671 233253 233354 236002 237509 240500 244370 245123 247489 249341 250127 251706 258516 258917 259358 260360 265630 266046 266099 266496 267577 268241 268354 270379 272601 272603 273044 274175 274432 284385 285341 286966 287671 288492 289156 289588 290246 290785 292123 292487 292640 294850 297927 301508 303690 304374 306072 306547 306687 306993 307534 308848 309811 310059 310278 311713 312584 314851 316097 316385 317200 319102 319889 320328 322096 323594 329203 332197 333317 335656 335880 335998 336924 338207 343661 349540 353731 354646 354751 356287 359512 360274 361514 361790 362855 364999 365166 377057 378977 379325 381020 381386 385018 385425 385441 387963 391107 393133 395259 399470 400083 400379 402604 403318 403471 404158 404280 405652 408599 409946 413247 417151 417804 418505 418603 419273 419504 420216 420440 421135 422039 423462 424583 428373 428467 433167 434847 435849 436080 436760 437482 443385 444339 444672 444685 447278 447835 449226 450261 451888 455242 456474 456534 464637 466629 467435 467758 468236 469762 470896 472041 475682 476026 477274 477351 477388 477973 478200 480522 481501 482086 482727 483306 485126 485429 486854 487801 492549 494422 495556 497113 500330 501665 507396 510567 512415 512943 513045 514120 515467 515513 517302 517833 518515 520376 520790 521518 522085 522830 525163 530205 531453 536202 536414 536843 537274 541044 541198 542049 542521 543295 544756 546949 547291 552158 552882 556132 561326 561470 562281 562657 563420 563524 563684 565973 566751 570365 571325 575269 576077 577679 581245 581252 582146 582574 582747 591318 594389 596479 596514 597268 597496 597934 601028 602603 602987 603753 606579 611962 613310 614043 614625 614765 616327 619266 620765 621087 621816 623206 627071 634304 636669 637403 639070 641508 644179 644538 647562 647614 648367 652577 654399 656734 657364 657404 658671 658700 659146 660059 660433 661538 662661 662906 663658 664547 667238 668735 669596 675239 676466 677277 677532 678909 681695 682059 682496 683821 689844 696882 697299 697616 698194 698876 701349 701898 702370 704607 706447 710706 714192 718238 718773 719278 720154 720890 721143 721342 721749 722808 723107 723321 723962 724847 725930 727574 730616 731876 735649 737862 739427 739783 742502 743100 744072 745833 747656 748341 749564 753288 753364 754444 756613 756774 756946 758044 761163 761339 762004 762249 764011 765609 765714 766136 766138 766382 768481 771267 772583 772774 774310 774497 775211 781919 781979 782583 785149 786763 786859 787719 788489 788798 789465 796543 798205 799418 799864
400000 500 13259496
0 816 858 1809 4233 4848 5956 6785 6969 7873 9137 10106 11137 12050 14045 14960 15578 16098 20022 20081 20115 20496 20693 21373 21513 22896 24085 24128 25639 25989 28263 28443 29485 32450 32889 33044 33822 34282 34531 35952 35956 36696 36898 37904 38885 39386 39912 40052 40238 40290 40623 40792 40906 41643 43450 43886 43898 43997 44963 48637 50717 51433 54732 54751 57237 57427 58518 58553 58817 59799 60300 61449 61555 62052 62332 62400 62637 62909 63227 65148 65769 67803 68646 70196 72692 75082 75167 75863 76804 77617 77643 77916 78121 79030 79330 80168 81118 81401 82686 82898 84136 87268 87479 87728 88145 88499 88783 89155 90353 92265 92985 93048 93562 94434 96530 96606 96849 97452 98534 98660 101129 101447 103827 104334 104568 105123 106399 106683 106739 107228 107269 108648 108716 109042 109045 109962 110215 111692 112219 112350 112641 112650 114135 114839 115598 116232 116902 116912 117575 117659 120301 120983 121546 122946 123430 124473 124555 125116 125224 126737 127090 127311 127737 128761 130498 131668 132734 133578 134598 135279 137216 138985 139672 142243 142638 142864 142908 143711 143888 144001 144033 144285 145681 148800 148805 149671 150793 150824 151063 152730 152996 153297 153336 153594 153742 153992 155836 156894 157220 159527 160121 160152 160273 160653 160943 162955 163086 164191 166304 166888 167294 168180 169028 169367 169967 170293 172915 173407 173779 173800 174389 175203 175490 175898 176399 176551 176604 178403 179435 179559 181608 182064 183515 183541 184633 185196 185236 186102 186342 186882 188475 189806 190654 191130 191301 191825 192195 193726 194076 194549 197249 197653 198886 199311 200082 201116 201776 202906 204985 207098 207345 207833 207903 208396 208418 209279 209449 210036 210494 211465 211875 211972 212343 215927 217667 218409 219262 220753 223071 223603 223684 224980 225450 225904 226129 226924 228511 228775 229685 230307 230421 230490 230690 231501 231826 232001 232353 232625 234628 234697 235151 235496 235987 236695 239765 241732 242355 242942 244872 245297 246730 246758 247118 247704 248327 249041 250244 251881 252829 253411 254655 255234 255547 255611 255712 256489 256956 257027 257052 257188 257312 257350 257651 259443 259565 260514 260530 262757 262797 263075 263840 265143 265890 266217 266863 267181 267285 267872 268970 270496 271506 273180 274530 276031 276804 278103 278591 278842 278926 279770 280176 280228 282454 287565 288274 288788 289512 289876 290899 291043 291422 291928 293222 293777 295093 295404 297325 297489 298996 300487 300808 301447 303438 303651 303728 304005 304164 304720 304746 304764 305551 306499 308160 308846 310777 311192 311205 311878 312457 312893 313932 313983 314394 315885 315925 316049 317716 320313 320476 321392 322994 324012 324278 324338 324736 324844 325423 325516 325830 326805 329132 329214 330773 331289 332236 333933 335111 335368 335676 336154 336765 337050 339617 340966 341181 343465 343966 344839 345207 346866 347006 347812 348833 349263 349487 350842 351085 355051 355656 355950 358362 358433 358487 358895 359875 361034 361725 362007 363261 364493 364569 365260 365416 365522 366777 367215 367361 371578 371715 374471 374718 375716 376047 376413 376709 377095 378053 378096 378648 379022 380891 380971 381999 382628 383489 383533 383881 384088 384511 385225 385306 385892 386012 386689 389199 391635 393188 393906 396542 399839
200000 500 4152445
0 63 160 218 471 3030 3058 4267 4701 6709 6849 7651 7909 7977 8327 8603 8777 8805 9082 9713 10192 10737 11273 11480 11976 12061 12366 12426 12525 12735 13526 13546 14439 14548 16138 16903 17082 17231 17587 17892 19263 19868 19992 20507 20729 21153 21696 22750 23418 23710 24276 25266 26100 26501 26537 27806 27838 27854 28023 28200 28475 28808 28884 29034 29228 29295 29544 29933 30793 30816 31239 32015 32603 33347 33768 33951 34726 34988 35008 35089 36266 36585 36684 36712 36852 37505 37557 38486 38668 39071 39606 40184 40242 41037 41380 41396 41696 42950 43727 43731 44409 44652 44876 45066 45286 45826 46378 46486 46589 47465 47685 47892 49110 49248 51039 51310 51435 51792 53492 53613 54133 54725 54902 55304 55668 55803 56539 57148 57269 57561 57709 58466 59244 60253 60461 60998 61097 61261 62416 62778 62920 63177 63601 63672 63885 64242 64265 64627 65092 65110 65510 65776 65777 66125 66188 66824 67892 68313 68476 68815 68905 68965 69025 69033 69936 70736 70961 72146 72159 72529 73426 73500 74239 74613 75163 75352 76311 76422 76785 77528 78474 78542 79454 79620 79683 79835 80010 80412 80859 81229 81794 81978 81990 82837 83708 83869 84138 84759 85223 85508 86517 86594 86595 87096 87348 87627 87645 88117 88436 88611 88759 88814 89372 90071 90194 90402 90454 90606 91929 91991 92415 92495 92509 92984 93080 93237 94242 94503 94734 94754 95798 96051 96776 96905 96977 97096 97114 97213 98011 98381 98900 99325 99354 100623 100632 101130 102124 102137 102563 102730 103028 103435 103754 103815 104106 104476 104646 104707 105251 105425 105996 105999 107431 107846 108273 108996 110912 110997 111088 111861 111878 112184 113233 113249 113634 113914 114425 115044 115374 115778 115957 116283 116532 116744 116992 118174 119099 119473 120091 120234 121272 121357 121576 121606 121789 121877 123093 124611 125695 125803 125945 126339 127072 127322 127530 128304 128537 128574 129145 129473 129731 130246 130360 130407 130661 131351 131409 131695 132508 134102 134279 134755 135434 135605 136138 136984 137071 137545 138027 138060 138540 139002 139132 139193 139319 139361 139686 140570 140872 141118 141361 142018 142079 142315 142585 142595 142597 144288 144313 145237 145745 145761 146162 146537 146599 147544 147935 148071 148159 148680 148700 149130 149390 150033 150060 150517 150667 151050 151080 151284 151408 151472 151491 151904 152901 152906 155906 156375 156658 156682 157501 157579 157868 158642 158915 159856 160096 160135 160421 160685 161907 162099 162610 162783 163402 163894 164140 164291 164568 164575 165810 166181 167251 167319 167448 168430 168838 169516 169698 170007 170301 170488 170571 170969 171089 171107 171309 172240 172743 172812 172966 172984 174175 174706 174712 174840 174996 175030 175715 176282 176316 176876 177378 177950 178032 178103 178603 178825 178952 178985 179706 179801 179819 180035 180654 181098 181141 181153 181403 181818 182473 182827 182956 183127 183759 184298 184426 185229 185296 185757 186052 186950 187533 188219 188515 188525 188613 188775 189137 189214 189426 189906 190193 190364 190564 190717 190860 191300 191751 191975 191984 192140 192493 192852 193475 193837 194730 194987 195178 196357 196417 196479 197513 198141 198422 198788 198899 198908 199489 199578
