30
20 9 5 35
10 7 6 29
20 8 1 47
10 7 5 27
20 1 8 50
10 9 10 41
20 4 1 38
10 3 10 34
20 2 9 17
10 6 2 44
100 9 8 27
50 4 1 49
100 9 9 29
50 8 9 1
100 6 10 6
50 4 7 10
100 1 5 10
50 4 10 6
100 7 2 17
50 1 8 41
10000 5 9 42
5000 6 3 29
10000 39480641 28911507 57658413
5000 62665306 73867990 4273713
10000 6 5 6
5000 7 8 29
10000 91697535 18909306 24524893
5000 62766765 56909555 91002269
10000 67377932 22381694 84191730
5000 31090963 59974411 13548873
10000 28227571 30090467 16602529
5000 55609475 90489722 20064937
10000 71238332 79327330 69300924
5000 33083089 89482231 31898038
10000 9 6 26
5000 6 4 42
10000 7 3 45
5000 9 5 7
10000 22740899 34580204 9487024
5000 6865112 31172362 63693945
1000000 47940751 67867724 32491379
500000 64238801 78671386 56226092
1000000 51471934 82149995 11409598
500000 88284477 6457795 84976691
1000000 33658430 31972679 43560462
500000 56103307 94723683 12484015
1000000 19932305 74134129 97527714
500000 37229757 81853195 42830578
1000000 91496789 86310080 34768680
500000 56368425 30420760 80579356
1000000 50107972 8056425 38175196
500000 10685462 73664879 40679439
1000000 4 4 39
500000 1 10 50
1000000 68263534 4853500 35449579
500000 33015833 26220549 15155042
1000000 99031361 28494593 69034554
500000 32131603 73707692 49448474
1000000 71639374 53406696 41494924
500000 76149237 1861026 47734859
