20
10 0
92 97 59 24 28 26 66 38 68 80
10 0
53 3 17 89 72 51 70 14 37 98
10 0
16 52 72 81 25 86 32 29 65 35
10 3
8 87 50 37 17 55 31 2 52 14
10 3
28 65 77 49 13 77 35 84 40 35
10 3
75 82 49 62 45 77 22 17 90 23
20 5
9 70 28 100 19 87 49 28 87 16 42 50 20 73 96 40 53 38 79 14
20 5
49 39 1 60 94 51 37 76 2 96 55 81 92 53 59 17 57 4 51 97
20 5
91 66 95 90 24 42 90 78 90 15 48 36 81 100 69 18 91 46 17 49
100 5
369 805 152 860 943 261 1000 202 690 118 725 871 237 291 393 616 594 770 677 928 929 891 874 848 491 591 821 133 219 122 553 848 351 829 700 71 517 262 519 216 342 381 628 943 714 864 428 712 593 23 180 322 486 816 695 221 637 113 612 852 114 859 857 698 683 736 192 874 190 467 683 833 506 592 221 890 816 371 488 327 217 750 177 851 892 651 911 960 611 327 819 590 826 419 66 622 969 608 34 559
100 5
881 782 391 455 835 968 796 932 40 624 953 786 364 422 299 438 335 694 397 139 693 146 287 395 137 882 238 952 802 534 818 891 432 917 625 362 699 560 911 244 797 910 849 323 22 151 803 324 156 252 752 898 341 138 165 244 911 127 666 301 988 754 559 576 784 955 334 661 88 327 599 559 151 660 48 594 165 166 709 125 875 792 572 952 737 963 80 692 766 506 291 160 765 831 88 9 798 973 255 325
100 5
299 239 606 536 156 359 293 363 337 854 88 45 906 339 999 664 285 431 134 117 337 829 748 494 227 898 646 939 781 944 948 738 973 969 285 292 109 545 451 599 181 714 617 42 499 820 974 283 453 245 930 680 150 214 554 881 230 13 475 556 982 814 741 385 303 122 361 691 218 667 456 524 96 742 587 155 482 707 907 346 81 674 103 676 885 877 648 899 366 679 154 964 30 541 772 23 219 70 714 401
100 10
446 439 607 749 741 652 938 92 662 574 911 891 553 244 550 510 379 232 422 789 735 923 300 336 908 308 458 191 339 590 923 745 244 345 661 736 564 265 415 394 428 912 614 784 298 212 500 3 891 486 712 54 519 428 852 484 725 797 510 575 666 346 256 94 418 770 252 67 154 439 411 72 140 531 234 825 994 820 607 618 357 943 43 12 199 778 191 922 184 790 459 441 178 502 125 917 183 193 129 642
100 10
237 802 478 558 336 493 846 83 784 190 858 303 59 190 72 83 17 987 703 504 662 345 25 750 866 228 480 233 882 809 886 829 72 683 615 639 70 543 398 755 561 463 590 248 735 461 236 529 760 680 793 466 547 592 392 121 58 213 399 135 390 684 80 402 215 844 558 694 882 221 109 657 564 986 623 379 776 351 235 64 400 746 551 999 181 97 44 630 961 724 639 225 132 809 569 274 536 735 783 62
100 10
928 150 532 583 32 268 924 10 593 948 385 770 210 237 788 365 398 377 939 327 903 876 460 614 189 340 658 375 202 101 169 18 1000 179 594 106 667 865 292 988 506 624 71 80 30 807 298 504 230 6 138 92 846 579 990 773 834 904 928 624 908 952 479 537 976 54 63 434 770 837 759 981 695 204 230 777 313 646 574 167 848 953 267 251 640 772 956 212 213 278 127 727 257 775 406 823 780 274 575 599
100 30
893 485 372 947 624 859 100 454 333 349 837 252 659 867 331 761 321 353 407 11 631 170 907 448 257 252 673 784 359 267 419 777 534 707 954 670 962 206 650 438 390 311 307 757 297 549 880 199 370 703 250 646 775 750 628 782 76 925 467 178 299 369 529 18 707 809 498 137 430 957 158 43 656 627 233 546 741 206 779 984 320 585 805 117 107 497 799 354 997 683 42 866 984 708 501 28 186 156 197 213
100 30
514 258 841 896 931 195 330 423 610 843 4 876 621 127 109 16 527 305 569 626 914 180 344 857 348 578 917 954 53 119 595 759 932 526 80 444 343 581 315 46 152 827 393 122 47 243 196 378 183 338 145 450 110 819 300 187 472 958 266 959 510 287 138 131 851 253 823 657 965 436 5 897 696 507 392 131 53 343 758 245 501 233 802 755 244 229 441 166 946 747 260 962 463 266 523 160 732 271 409 626
100 30
712 393 603 249 739 806 209 572 431 289 635 883 593 448 206 447 700 57 333 125 164 943 532 618 691 97 406 138 795 406 928 579 930 18 816 394 400 11 407 734 593 863 469 233 245 749 132 562 799 144 107 10 809 669 830 583 788 630 160 139 606 613 735 210 779 920 652 730 165 459 247 986 321 764 890 819 311 894 359 437 804 177 102 19 144 747 295 554 946 620 295 198 49 709 85 400 690 593 61 233
100 40
213 916 175 64 871 559 276 58 772 579 679 891 510 495 653 4 176 108 799 367 464 234 815 845 557 548 54 995 503 684 641 126 743 390 400 735 606 992 49 67 824 502 146 805 185 28 798 756 690 317 921 99 24 853 206 302 119 42 507 690 472 665 203 520 646 593 837 753 657 792 305 512 526 387 533 429 447 364 890 136 193 767 960 265 204 155 432 567 443 462 878 279 915 363 306 567 921 445 825 192
100 40
314 252 491 577 872 448 226 990 88 844 760 304 57 43 858 359 560 367 948 457 358 407 404 272 99 487 578 429 837 664 804 364 424 225 980 195 173 18 400 563 358 618 834 331 912 496 493 495 526 7 794 943 149 802 701 269 849 678 310 534 908 548 368 954 586 674 135 614 318 124 625 26 808 966 566 738 525 526 328 944 345 926 881 681 497 512 367 391 55 687 721 300 544 927 903 553 962 208 604 591
