50
2
2 2
3
3 2 2
3
1 1 2
3
2 3 1
9
143 88 131 111 108 111 96 128 82
6
178 171 147 160 184 154
3
3 3 2
3
4 1 3
26
25 23 23 193 18 20 33 26 23 25 172 20 21 19 19 19 16 12 15 165 16 25 21 16 16 19
26
34 38 34 33 42 37 30 38 38 25 47 33 48 44 41 38 46 40 39 44 36 33 35 41 48 38
24
37 32 42 49 37 34 39 43 54 39 53 38 51 34 33 42 45 42 43 49 39 47 32 45
8
125 129 125 123 123 133 123 111
6
160 160 165 167 171 176
26
25 1 1 1 1 1 1 1 1 1 1 1 1 1 1 1 1 1 1 1 1 1 1 1 1 1
26
271 19 25 16 20 17 15 16 18 32 27 21 19 20 25 241 17 15 24 24 18 19 21 20 21 19
3
4 2 3
17
48 67 61 51 59 59 47 58 58 47 57 68 62 70 65 59 63
3
3 1 3
26
176 164 181 28 15 21 19 16 13 24 33 20 22 21 15 22 20 14 13 32 23 16 24 16 27 25
3
1 1 1
26
110 23 21 23 104 23 30 22 23 32 18 25 19 15 103 119 31 18 20 16 14 115 24 22 15 15
25
34 45 38 38 42 30 53 40 37 43 42 40 33 38 44 45 42 44 33 36 46 45 31 33 45
3
2 4 2
26
25 8 25 16 27 116 119 20 27 18 19 17 21 115 19 21 23 113 18 11 23 22 114 14 26 23
26
34 43 41 40 35 35 38 45 40 33 36 34 39 35 36 40 48 35 27 46 46 41 41 38 45 29
26
20 1 20 1 20 1 20 1 20 1 20 1 20 1 20 1 20 1 20 1 20 1 20 1 20 1
26
43 44 41 42 43 51 22 41 41 28 48 40 41 25 38 48 39 32 30 40 40 36 37 35 36 39
26
40 44 41 39 38 43 35 39 32 31 41 39 45 36 32 49 52 37 32 47 31 35 31 29 40 42
24
34 35 45 43 38 37 38 32 57 54 46 24 51 41 42 49 37 39 39 39 40 44 43 46
3
2 2 3
11
87 100 110 104 94 88 99 83 90 68 70
3
2 2 4
10
9 1 9 1 9 1 9 1 9 1
26
1 1 1 1 1 1 1 1 1 1 1 1 1 1 1 1 1 1 1 1 1 1 1 1 1 1
26
49 36 40 37 45 34 33 42 24 40 52 41 41 52 27 34 51 36 29 26 51 39 39 30 33 39
14
73 69 69 68 79 78 66 64 79 69 76 58 73 75
26
39 41 37 35 32 32 38 35 39 35 30 33 39 41 46 35 47 49 36 33 41 47 32 49 41 38
26
37 32 37 34 30 36 47 40 37 51 44 36 35 42 30 31 40 42 42 44 50 35 37 39 32 32
17
58 61 53 56 64 45 57 72 59 65 62 61 50 51 56 58 67
26
249 272 30 19 26 20 17 17 19 10 15 16 15 21 18 23 26 25 21 20 19 21 18 20 18 25
25
47 38 41 34 46 37 40 41 35 43 49 31 33 37 28 43 40 40 41 34 46 47 40 37 43
3
2 3 3
26
151 140 151 147 19 25 22 13 6 24 24 17 18 23 25 16 22 21 10 19 17 24 13 16 19 18
3
2 3 4
3
2 1 3
3
313 353 330
26
42 37 38 39 43 32 38 41 48 34 27 45 50 40 34 40 41 43 35 34 37 38 39 28 41 36
21
52 49 43 53 54 34 46 50 44 48 61 43 59 51 40 53 49 32 44 42 47
16
1 1 1 1 1 1 1 1 1 1 1 1 1 1 1 15
26
35 44 44 40 44 42 31 31 35 31 31 39 45 49 39 29 43 36 46 48 41 32 32 36 39 38
