100
5 4
2 1
4 20
7 7
50 279525692702501
25 252525
7 27
7 10
7 12
50 143397638439532
16 15899
44 2248390476148
13 1291
3 3
49 76771863278033
4 1
8 47
7 17
50 281474976710657
8 44
21 216802
7 26
29 66349694
13 1218
35 3920601498
35 3386181860
7 13
4 5
7 30
7 25
17 15337
7 1
7 15
7 16
29 21778818
7 31
40 13360346706
50 1
7 28
24 3596884
50 1000000000000000000
7 14
25 1000000000000000000
4 3
18 30666
25 8388609
30 236564442
12 913
44 4011799934277
39 115812715382
7 24
38 62510089248
20 3096
19 58349
2 2
40 185618169898
19 81922
2 1000000000000000000
9 118
31 14272840
39 58303225312
7 2
50 140737488355328
15 4159
4 4
7 4
7 23
3 1
45 1553207269742
7 6
7 11
50 105553116266496
7 5
49 140737488355328
7 22
7 18
7 9
7 20
27 22676311
7 19
7 33
24 642162
50 281474976710656
43 1903813598545
7 3
7 29
50 281474976710655
7 21
7 32
49 281474976710656
3 2
36 254183316
15 874
7 8
14 1609
27 12964155
50 999999999999999999
49 140737488355329
4 2
29 95464197
