35 35
100
12 21
1 30
8 10
17 17
27 21
24 2
19 24
32 3
12 8
18 2
17 7
14 8
28 22
14 17
7 30
13 18
24 13
13 31
22 29
22 23
23 19
24 15
8 30
25 28
3 9
29 19
15 16
34 17
3 13
33 9
16 11
34 5
23 12
10 19
6 31
7 2
23 4
17 4
33 7
31 1
23 33
27 12
14 1
28 25
13 26
7 29
11 7
7 7
18 16
25 32
20 5
33 8
17 15
12 15
30 8
24 18
7 24
3 28
24 30
18 11
30 33
13 6
5 19
12 30
1 11
27 20
23 26
2 5
14 13
20 9
28 17
1 8
14 3
2 4
7 27
22 2
25 34
15 3
18 34
33 26
18 25
12 7
24 21
11 4
33 4
20 34
20 20
8 34
31 9
11 3
9 32
5 34
10 22
22 17
23 30
27 33
33 25
3 27
12 5
3 16
