40 40
200
24 23
38 33
23 3
33 22
12 37
20 26
26 22
31 34
7 25
39 32
29 34
2 7
30 36
39 34
17 24
33 1
7 21
33 18
23 16
28 23
13 37
9 28
19 39
22 25
14 21
6 31
4 7
37 22
4 36
5 20
20 27
9 15
8 30
22 19
6 38
2 19
35 38
7 14
26 17
38 39
26 4
30 29
39 27
1 31
13 5
11 21
31 8
25 38
37 7
6 4
5 35
11 1
33 17
3 20
22 2
8 8
33 38
25 21
14 25
12 15
30 11
36 21
18 21
9 16
16 3
19 20
38 29
9 31
34 12
39 5
2 8
12 34
34 36
5 36
22 16
12 1
27 36
10 5
6 7
9 21
10 27
29 8
5 38
27 27
38 16
31 39
23 31
22 6
28 26
2 38
3 2
27 29
37 25
22 3
32 31
23 30
7 13
37 1
39 13
27 37
28 8
36 39
38 7
5 15
33 35
2 35
36 28
13 23
14 34
25 34
14 37
24 21
38 10
21 26
11 36
23 28
32 8
27 20
23 7
16 25
30 1
2 31
12 4
15 37
26 28
23 10
9 10
8 29
35 19
15 18
7 7
14 22
15 16
3 38
23 2
36 13
22 8
17 36
33 3
24 16
2 33
25 9
11 9
16 14
15 22
21 28
33 16
3 5
18 27
34 23
14 8
32 4
29 18
13 28
15 17
3 30
39 12
7 32
7 11
22 21
5 28
39 20
16 8
6 5
14 7
32 29
19 12
34 25
4 30
25 19
8 39
26 29
9 30
7 6
18 6
14 33
30 14
22 4
20 3
26 39
15 20
38 38
15 6
26 1
24 24
19 30
29 26
35 3
19 32
20 9
6 2
2 25
32 33
18 18
33 21
27 35
28 14
20 8
31 4
31 10
