45 45
250
12 1
12 40
11 3
31 1
17 3
25 26
19 37
31 27
13 7
43 35
33 20
34 9
3 40
35 38
27 14
21 15
35 8
10 1
30 41
22 2
19 2
3 37
14 10
40 27
16 38
37 5
14 26
13 36
21 23
5 24
37 1
14 3
29 23
3 14
39 24
36 14
1 38
26 15
3 41
17 39
35 9
43 24
10 31
15 31
10 39
30 22
40 43
44 24
41 2
2 4
25 2
18 26
36 40
23 8
34 13
16 32
12 26
39 2
32 24
40 37
1 35
11 44
34 7
21 3
18 22
26 18
44 43
44 35
39 22
43 28
10 34
36 41
35 6
42 22
29 37
34 5
4 44
24 13
27 44
35 20
42 17
38 41
15 37
7 29
34 25
33 19
15 44
15 25
5 32
23 33
24 12
37 3
32 16
16 14
9 32
42 2
4 33
14 11
17 23
11 25
41 1
24 31
26 28
18 4
36 18
15 28
40 22
19 11
35 10
37 20
17 10
21 21
42 11
7 15
33 37
39 6
38 39
12 19
42 30
42 34
23 12
37 18
10 12
5 20
41 17
39 13
26 16
9 24
2 35
28 28
15 41
22 27
15 20
32 12
29 10
43 21
3 8
8 7
4 4
23 42
37 25
33 21
4 34
12 37
44 15
20 34
11 18
36 1
13 23
32 41
8 6
17 11
37 37
4 16
34 16
16 23
37 19
11 7
38 6
41 24
23 32
44 11
11 31
7 38
12 44
24 1
44 17
37 23
8 3
39 23
1 31
17 32
10 27
8 35
22 7
42 21
17 28
22 38
19 1
39 18
37 31
40 44
9 34
22 9
40 38
41 5
40 35
3 24
1 24
30 42
44 22
26 26
20 15
23 34
40 4
35 5
13 13
13 9
26 29
33 42
39 36
21 39
15 26
13 35
36 44
36 31
14 14
20 22
5 36
25 16
40 13
21 29
13 10
2 7
21 22
22 11
21 2
3 13
19 34
27 39
31 8
6 31
23 1
44 26
28 40
30 16
25 32
9 44
32 8
9 8
9 31
20 29
24 39
9 25
9 14
34 30
32 37
9 6
5 7
27 33
26 14
40 10
21 4
40 17
32 19
31 26
20 39
28 36
35 37
42 23
