Result: 
 
TESTCASE 1: 
Comparing files 1.sol and 1.OUT
FC: no differences encountered

TESTCASE 2: 
Comparing files 2.sol and 2.OUT
FC: no differences encountered

TESTCASE 3: 
Comparing files 3.sol and 3.OUT
FC: no differences encountered

TESTCASE 4: 
Comparing files 4.sol and 4.OUT
FC: no differences encountered

TESTCASE 5: 
Comparing files 5.sol and 5.OUT
FC: no differences encountered

TESTCASE 6: 
Comparing files 6.sol and 6.OUT
FC: no differences encountered

TESTCASE 7: 
Comparing files 7.sol and 7.OUT
FC: no differences encountered

TESTCASE 8: 
Comparing files 8.sol and 8.OUT
FC: no differences encountered

TESTCASE 9: 
Comparing files 9.sol and 9.OUT
***** 9.sol
134 32333 10671 22964 14281 29356 19842 17568 30300 29528 15600 35693 21162 23809 19127 2112 32602 11391 36338 14664 38365 2027
0 4931 17512 1980 20050 23213 28968 16739 31758 21442 22148 29281 24490 18422 12529 22520 28078 7228 9134 550 29681 21265 39128
***** 9.OUT
134 32333 10671 22964 14281 29356 19842 17568 30300 29528 15600 35693 21162 23809 19127 2112 32602 11391 36338 14664 38365 2027
0 4931 17512 1980 20050 23213 28968 16739 31758 21442 22148 29281 24490 18422 12529 22520 28078 7228 9134 550 29681 21265 39128
*****

***** 9.sol
19050 21661 83 29526 22569 31035 2631 16704 19539 29100 24804 39520 28288 33349 22929 2833 11917 6393 1773 34630 18536 22682 31
740 13207 35558 127 17637 15075 36070 27624 20711 11782 5090 8790 30975 2295 921 1230 38347 1017 36737 20523 39350 2766 30951 3
***** 9.OUT
19050 21661 83 29526 22569 31035 2631 16704 19539 29100 24804 39520 28288 33349 22929 2833 11917 6393 1773 34630 18536 22682 31
740 13207 35558 127 17637 15075 36070 27624 20711 11782 5090 8790 30975 2295 921 1230 38347 1017 36737 20523 39350 2766 30951 3
*****

***** 9.sol
 22876 19391 25279 10826 35003 18415 22367 29862 19581 8376 7313 885 21421 36093 29705 25360 33727 12902 20815 36303 28986
34332 2781 31596 10082 6974 28446 12724 19927 12898 23322 26956 12175 24482 25684 23176 20930 1472 38872 21563 22042 4375 38886
***** 9.OUT
 22876 19391 25279 10826 35003 18415 22367 29862 19581 8376 7313 885 21421 36093 29705 25360 33727 12902 20815 36303 28986 
34332 2781 31596 10082 6974 28446 12724 19927 12898 23322 26956 12175 24482 25684 23176 20930 1472 38872 21563 22042 4375 38886
*****

***** 9.sol
22546 4778 15745 835 22882 13251 15392 12400 14328 23821 24536 21018 8360 39184 13014 15836 12141 10866 32539 8740 16027 7307 1
8245 66 17845 17552 30827 34381 25930 15963 19950 11361 21135 26482 11707 13067 31872 17360 34848 30331 34057 24144 22825 4278 
***** 9.OUT
22546 4778 15745 835 22882 13251 15392 12400 14328 23821 24536 21018 8360 39184 13014 15836 12141 10866 32539 8740 16027 7307 1
8245 66 17845 17552 30827 34381 25930 15963 19950 11361 21135 26482 11707 13067 31872 17360 34848 30331 34057 24144 22825 4278 
*****

***** 9.sol
66 6603 9835 29418 15513 7724 22066 13541 24777 36983 32705 29634 5013 12976 3902 5149 25423 12431 22909 32247 10049 39399 1161
3 34723 29231 38930 35199 22824 32907 36284 33055 39456 36490 2685 5852 8825 14657 10610 29310 9803 14127 28887 31462 33089 286
***** 9.OUT
66 6603 9835 29418 15513 7724 22066 13541 24777 36983 32705 29634 5013 12976 3902 5149 25423 12431 22909 32247 10049 39399 1161
3 34723 29231 38930 35199 22824 32907 36284 33055 39456 36490 2685 5852 8825 14657 10610 29310 9803 14127 28887 31462 33089 286
*****

***** 9.sol
7232 7321 35526 20687 11674 33807 37549 14124 7966 29787 29157 4149 36663 31902 9361 26232 17987 28701 18934 11238 5596 38460 1
7695 30311 3927 477 24161 15364 22282 39096 34470 29545 15114 30346 17351 10928 10295 26793 29227 16007 26884 8682 15010 25911 
***** 9.OUT
7232 7321 35526 20687 11674 33807 37549 14124 7966 29787 29157 4149 36663 31902 9361 26232 17987 28701 18934 11238 5596 38460 1
7695 30311 3927 477 24161 15364 22282 39096 34470 29545 15114 30346 17351 10928 10295 26793 29227 16007 26884 8682 15010 25911 
*****

***** 9.sol
39412 35633 3198 30758 9078 5995 36297 34547 7791 7009 35364 10767 4633 4597 17895 39574 11212 17577 33082 3993 28972 34241 109
20 35361 33372 19004 6634 29932 17499 11005 35817 7739 6712 38579 25597 3626 38409 1465 25626 4747 4127 894 2133 25163 33022 33
***** 9.OUT
39412 35633 3198 30758 9078 5995 36297 34547 7791 7009 35364 10767 4633 4597 17895 39574 11212 17577 33082 3993 28972 34241 109
20 35361 33372 19004 6634 29932 17499 11005 35817 7739 6712 38579 25597 3626 38409 1465 25626 4747 4127 894 2133 25163 33022 33
*****

***** 9.sol
12487 39952 170 14042 17624 18655 3016 6780 26997 36448 35196 39067 20594 7584 21069 35451 12773 36616 27637 36669 16890 36950 
31083 13142 24443 31424 2262 1607 36210 25452 36656 37558 327 16599 14993 17483 37912 1360 7867 31419 30211 10228 34873 17587 6
***** 9.OUT
12487 39952 170 14042 17624 18655 3016 6780 26997 36448 35196 39067 20594 7584 21069 35451 12773 36616 27637 36669 16890 36950 
31083 13142 24443 31424 2262 1607 36210 25452 36656 37558 327 16599 14993 17483 37912 1360 7867 31419 30211 10228 34873 17587 6
*****

TESTCASE 10: 
Comparing files 10.sol and 10.OUT
***** 10.sol
34 29257 2458 14537 36192 26368 1573 11867 39148 30065 38092 13411 39709 36902 35069 25370 11555 6121 31643 39193 28412 33461 2
6699 13663 13980 14715 15760 23563 3365 23525 8443 5718 4447 18211 2298 31960 37447 10499 6817 1914 39459 2548 18867 21723 1043
***** 10.OUT
34 29257 2458 14537 36192 26368 1573 11867 39148 30065 38092 13411 39709 36902 35069 25370 11555 6121 31643 39193 28412 33461 2
6699 13663 13980 14715 15760 23563 3365 23525 8443 5718 4447 18211 2298 31960 37447 10499 6817 1914 39459 2548 18867 21723 1043
*****

***** 10.sol
094 39049 7633 34619 21625 12927 27610 11387 6466 11008 12869 38278 33286 33891 228 12667 22491 16956 31652 27204 9218 1274 101
27 6719 29914 27395 11925 39862 19858 15011 22394 29013 19378 32593 3836 23480 2173 38375 37192 38369 18572 13255 23718 37369 1
***** 10.OUT
094 39049 7633 34619 21625 12927 27610 11387 6466 11008 12869 38278 33286 33891 228 12667 22491 16956 31652 27204 9218 1274 101
27 6719 29914 27395 11925 39862 19858 15011 22394 29013 19378 32593 3836 23480 2173 38375 37192 38369 18572 13255 23718 37369 1
*****

***** 10.sol
23085 26244 14130 21729 21617 27887 17804 24669 24035 29076 6180 29423 18660 37268 14012 39379 14543 38416 21012 1868 38900 291
8 33784 38907 24896 32386 38432 32523 37764 37352 8377 23778 16356 4372 27502 35346 16779 30975 37255 15656 9117 33742 12971 22
***** 10.OUT
23085 26244 14130 21729 21617 27887 17804 24669 24035 29076 6180 29423 18660 37268 14012 39379 14543 38416 21012 1868 38900 291
8 33784 38907 24896 32386 38432 32523 37764 37352 8377 23778 16356 4372 27502 35346 16779 30975 37255 15656 9117 33742 12971 22
*****

***** 10.sol
6 6618 17679 2662 8309 779 22257 35383 2210 15135 12116 32839 17529 447 37833 3422 1290 9094 20014 14181 26109 29436 4931 36477
 28732 3387 4919 21605 15145 1962 13207 27806 39266 44 2228 5856 17483 1078 14573 12388 8675 9771 18152 33909 7565 37868 19853 
***** 10.OUT
6 6618 17679 2662 8309 779 22257 35383 2210 15135 12116 32839 17529 447 37833 3422 1290 9094 20014 14181 26109 29436 4931 36477
 28732 3387 4919 21605 15145 1962 13207 27806 39266 44 2228 5856 17483 1078 14573 12388 8675 9771 18152 33909 7565 37868 19853 
*****

***** 10.sol
0 26860 26919 22047 343 28931 28274 33712 5233 4249 39067 26390 14881 37599 24372 24902 3569 18176 24334 30363 26026 38845 3416
3 6504 24486 11487 33765 33697 493 32974 14056 16540 28578 36402 17400 19245 6412 9289 24908 6908 19368 2525 27050 25065 56 132
***** 10.OUT
0 26860 26919 22047 343 28931 28274 33712 5233 4249 39067 26390 14881 37599 24372 24902 3569 18176 24334 30363 26026 38845 3416
3 6504 24486 11487 33765 33697 493 32974 14056 16540 28578 36402 17400 19245 6412 9289 24908 6908 19368 2525 27050 25065 56 132
*****

***** 10.sol
0 19263 12669 2520 15959 21089 14546 19972 1736 11563 16380 12991 12076 12795 21544 25533 7153 20548 14722 6382 6499 67 31089 2
3352 34519 13022 38958 32290 27910 3863 1683 30198 22637 22577 25659 23807 32048 24136 29715 36849 30621 14554 31149 28968 2089
***** 10.OUT
0 19263 12669 2520 15959 21089 14546 19972 1736 11563 16380 12991 12076 12795 21544 25533 7153 20548 14722 6382 6499 67 31089 2
3352 34519 13022 38958 32290 27910 3863 1683 30198 22637 22577 25659 23807 32048 24136 29715 36849 30621 14554 31149 28968 2089
*****

***** 10.sol
 25450 27966 24544 1329 11277 38072 36436 489 7947 617 39033 4504 33388 27623 6246 37765 28153 889 29220 16351 5142 24094 35665
 8941 15086 33975 34048 26846 19611 33672 14805 9446 26724 2553 2010 31213 6915 22293 31838 33795 21524 38999 26844 8047 8464 7
***** 10.OUT
 25450 27966 24544 1329 11277 38072 36436 489 7947 617 39033 4504 33388 27623 6246 37765 28153 889 29220 16351 5142 24094 35665
 8941 15086 33975 34048 26846 19611 33672 14805 9446 26724 2553 2010 31213 6915 22293 31838 33795 21524 38999 26844 8047 8464 7
*****

***** 10.sol
36777 21847 8253 23524 34615 38882 5828 26735 28149 1104 1233 4217 31019 18325 14567 25894 19390 34828 10490 27410 7693 10210 3
5013 26953 4700 33037 36646 156 6837 37104 39814 5467 14383 21607 11061 21088 218 26848 18461 13981 2322 19866 39653 2031 10262
***** 10.OUT
36777 21847 8253 23524 34615 38882 5828 26735 28149 1104 1233 4217 31019 18325 14567 25894 19390 34828 10490 27410 7693 10210 3
5013 26953 4700 33037 36646 156 6837 37104 39814 5467 14383 21607 11061 21088 218 26848 18461 13981 2322 19866 39653 2031 10262
*****

***** 10.sol
24 20923 32356 2641 37870 13680 3958 35256 5155 34708 38522 14252 11446 38644 6013 3424 17621 555 31878 28247 37225 37119 30038
20237 23580 4872 2611 18873 4801 6942 10973 37864 12918 18385 29542 6449 4006 1241 39211 19182 37506 31761 25956 33307 16639 31
***** 10.OUT
24 20923 32356 2641 37870 13680 3958 35256 5155 34708 38522 14252 11446 38644 6013 3424 17621 555 31878 28247 37225 37119 30038
20237 23580 4872 2611 18873 4801 6942 10973 37864 12918 18385 29542 6449 4006 1241 39211 19182 37506 31761 25956 33307 16639 31
*****

***** 10.sol
1666 38680 24950 4747 32816 30313 30731 39186 27417 18731 1584 35325 20920 13834 26513 10046 10099 10296 813 39145 8506 3881 31
730 16049 26398 31095 17648 16501 7978 35132 33808 27507 20500 2781 36819 32461 39728 27918 26745 16522 38191 27258 27838 20752
***** 10.OUT
1666 38680 24950 4747 32816 30313 30731 39186 27417 18731 1584 35325 20920 13834 26513 10046 10099 10296 813 39145 8506 3881 31
730 16049 26398 31095 17648 16501 7978 35132 33808 27507 20500 2781 36819 32461 39728 27918 26745 16522 38191 27258 27838 20752
*****

TESTCASE 11: 
TESTCASE 12: 
TESTCASE 13: 
TESTCASE 14: 
TESTCASE 15: 
TESTCASE 16: 
TESTCASE 17: 
TESTCASE 18: 
TESTCASE 19: 
TESTCASE 20: 
