20
5 5
5 2 10 10 3
5 1 7 2 6
4 5 9 6 2
6 6 2 2 5
5 0 5 2 4
5 5
3 6 5 6 1
8 0 0 10 9
2 8 0 3 5
5 3 2 8 5
5 8 0 9 6
5 5
9 5 2 0 4
2 7 9 8 10
4 3 3 0 1
1 1 10 8 1
4 3 1 1 10
10 7
9 10 5 4 148 9 6
2 195 0 8 1 151 1
10 4 5 175 0 0 10
6 0 2 173 102 8 8
119 10 4 8 9 5 6
5 10 176 8 0 3 9
3 7 3 3 2 198 4
114 8 5 5 5 4 110
10 136 173 7 6 1 2
5 9 1 6 10 8 6
7 10
2 9 152 3 10 6 196 4 0 6
4 6 8 0 0 8 2 10 5 10
178 176 9 5 6 156 5 7 109 193
9 8 1 108 3 4 107 184 138 4
6 7 7 8 8 0 2 174 2 6
0 9 4 137 7 192 4 4 6 3
180 7 10 9 4 142 6 6 184 6
10 10
0 0 1 1 1 0 1 0 0 1
1 1 0 0 1 0 0 0 0 0
0 0 0 0 0 0 1 1 1 0
0 1 1 1 0 0 0 1 0 1
0 1 1 1 1 1 0 1 1 1
0 1 1 1 0 1 1 1 1 1
1 0 0 0 0 1 1 1 0 0
1 0 1 0 1 1 0 1 0 1
1 0 0 1 1 0 1 1 0 0
1 1 1 1 0 0 0 1 0 0
10 10
0 0 1 0 1 1 0 1 1 1
0 1 0 0 0 0 1 1 0 1
1 1 0 0 1 0 1 0 0 0
1 0 0 0 1 0 1 0 1 1
1 1 0 1 0 1 0 1 1 0
0 0 1 1 1 0 0 0 1 1
1 1 1 1 1 0 1 0 1 0
0 0 0 0 1 0 0 1 1 1
0 1 1 0 1 0 1 0 0 0
0 0 0 0 1 0 0 1 1 0
10 10
0 10 11 10 0 11 11 0 11 0
10 0 0 1 11 10 1 10 1 1
0 1 10 1 0 1 11 10 0 0
1 11 0 0 0 1 11 11 0 11
0 0 1 11 1 1 1 1 0 10
0 1 11 10 11 0 11 1 10 11
1 1 11 11 1 1 1 11 11 10
10 0 10 11 11 11 0 0 1 1
0 0 10 11 11 11 0 0 1 0
11 10 1 11 1 1 11 0 10 0
10 10
11 5 2 5 3 3 3 0 3 2
4 2 10 11 0 11 3 11 0 3
3 10 2 2 4 0 1 5 3 1
10 10 11 5 10 10 4 10 10 10
0 10 3 3 10 4 10 4 10 1
2 10 11 10 1 10 10 0 1 5
11 10 10 0 1 10 11 1 5 2
10 10 2 4 11 2 2 1 10 10
10 0 0 11 11 5 10 2 4 3
0 5 2 0 0 11 3 0 2 3
10 10
11 1 1 10 0 11 1 1 10 10
0 1 0 11 1 10 10 10 1 0
0 11 10 1 1 0 1 1 0 11
11 10 1 11 0 1 0 0 0 11
0 1 10 1 0 10 10 0 0 11
10 10 0 0 1 0 1 10 11 1
0 10 10 11 1 0 0 0 10 0
1 0 0 1 1 1 0 1 1 1
0 11 1 1 0 1 1 1 11 1
10 0 11 1 11 1 10 1 1 0
10 10
0 10 1 0 1 11 0 10 1 11
0 1 1 1 0 0 1 10 0 1
0 1 10 1 10 0 0 0 11 11
1 11 11 1 11 0 11 10 0 11
1 0 0 11 0 0 1 1 11 10
1 0 10 10 1 0 0 1 1 11
1 0 1 11 1 10 0 10 10 0
0 10 0 1 1 0 0 0 0 0
0 0 10 11 1 1 0 11 1 0
0 0 1 10 0 11 1 0 1 10
10 10
190 188 9 4 0 6 126 2 135 116
1 3 8 8 7 183 171 111 141 7
3 2 3 10 8 2 6 6 0 9
142 2 5 1 1 200 144 8 4 7
2 9 5 2 3 5 6 2 3 6
5 5 131 8 0 146 1 9 173 6
6 7 7 10 6 194 4 6 3 145
8 159 10 8 4 7 10 2 2 1
9 2 1 105 181 10 155 2 0 2
3 0 10 9 173 7 1 7 4 10
10 10
8 6 10 177 198 149 4 8 10 136
4 3 0 0 0 6 1 4 5 8
6 0 5 7 4 2 10 4 5 6
9 3 8 5 6 8 139 3 178 7
10 9 7 3 4 2 1 7 1 10
136 2 151 8 9 1 9 3 0 8
9 6 3 5 8 2 8 10 7 4
2 10 9 9 1 9 0 3 3 0
10 8 6 200 174 2 8 7 4 6
10 5 5 4 3 1 2 0 6 0
10 10
9 112 3 100 130 8 8 9 4 0
0 2 3 195 10 3 159 3 186 193
9 179 161 133 161 115 188 173 180 110
9 10 162 197 9 181 10 135 117 197
189 199 119 163 4 128 5 138 8 2
7 7 10 10 9 6 2 0 2 127
4 193 155 6 160 156 144 7 194 152
195 7 8 136 2 8 10 6 158 122
123 131 3 187 137 10 1 177 4 123
116 0 2 0 132 2 10 10 4 114
10 20
8 3 1 1 10 184 10 0 2 6 4 4 10 3 3 0 4 104 7 10
10 10 9 106 6 10 7 2 6 197 8 2 193 6 118 1 0 2 1 5
138 100 174 0 116 5 9 4 0 0 5 112 8 9 1 0 3 172 3 1
1 2 3 2 2 6 154 0 4 7 150 1 1 3 10 103 2 9 1 8
2 2 1 9 4 1 8 10 5 0 1 5 4 165 6 6 8 9 5 185
115 3 3 2 6 9 9 0 5 3 7 9 121 159 0 115 8 0 145 8
10 3 8 4 7 0 10 5 7 9 1 0 5 1 7 169 179 9 2 1
6 0 7 8 144 5 108 197 9 2 143 3 119 7 8 3 5 7 173 5
1 0 7 8 0 2 2 2 9 2 9 2 3 7 1 128 129 7 4 5
9 134 194 116 8 3 0 153 0 3 3 3 8 4 2 4 9 7 6 9
20 10
5 10 203 4 5 6 10 3 10 4
6 8 3 9 0 7 2 6 1 9
8 1 2 6 0 212 4 8 4 7
1 0 4 8 6 1 2 4 0 6
6 6 10 0 0 7 4 0 7 5
9 10 0 7 3 10 5 1 210 1
5 0 214 2 5 9 5 7 206 10
3 2 200 8 7 7 204 218 7 6
5 205 5 4 7 3 10 9 4 10
8 9 204 213 7 4 1 4 5 10
5 7 5 2 3 6 4 9 3 7
7 3 2 6 5 2 2 8 5 5
7 3 10 4 201 4 0 4 203 4
0 0 7 7 4 5 7 5 1 1
6 9 9 213 7 4 2 7 10 1
8 2 2 7 4 212 9 0 10 216
1 1 9 7 4 3 3 6 203 212
10 7 212 8 2 9 2 219 7 7
6 1 5 1 6 9 3 5 1 6
0 205 7 0 0 2 6 9 204 5
20 20
905 5 1 4 2 5 905 10 910 7 905 906 901 5 3 903 901 909 5 2
904 904 908 1 1 5 902 10 905 5 6 5 905 6 901 904 1 8 905 907
910 906 2 900 909 905 7 908 904 904 906 4 0 2 901 2 1 910 902 903
1 905 908 907 8 7 902 905 1 900 902 6 909 1 910 2 4 0 10 7
9 906 6 1 6 2 3 903 906 6 8 6 2 1 8 8 5 902 9 909
7 901 909 9 910 1 904 1 10 904 907 900 902 910 10 10 904 904 2 8
5 10 910 900 1 10 2 903 1 2 907 6 905 910 10 4 1 901 902 902
904 910 907 909 3 9 10 7 902 908 910 1 2 3 910 8 903 1 4 9
906 902 901 900 7 908 4 10 910 0 7 6 8 900 6 906 9 900 908 910
10 903 901 5 905 9 906 2 901 7 2 908 907 908 908 905 7 901 6 907
905 909 9 1 905 0 910 5 908 6 902 7 902 5 10 910 3 8 900 1
909 902 9 9 904 909 909 1 0 3 10 6 8 901 908 901 1 902 910 900
901 905 4 10 905 8 900 909 909 5 907 908 907 900 901 906 3 904 910 906
906 5 900 910 7 902 906 5 2 3 902 6 0 902 902 900 9 10 5 910
908 906 9 3 6 909 901 10 6 905 900 904 904 7 901 903 902 8 6 906
900 6 9 901 3 900 904 908 2 7 900 1 2 7 905 3 909 908 9 10
10 910 5 901 906 901 902 903 906 3 3 10 4 2 901 5 903 910 0 902
8 9 1 1 9 910 2 4 905 903 903 7 1 1 6 904 10 9 5 2
909 8 902 904 9 5 5 908 905 4 10 5 6 5 910 1 909 1 10 1
4 0 905 904 906 900 901 908 906 1 907 909 4 3 2 1 4 4 908 901
25 25
9 3 6 9 10 8 7 4 2 8 9 0 9 3 4 10 10 10 8 10 4 2 100 2 1
0 109 4 10 10 0 4 3 4 8 7 3 7 5 112 6 2 2 1 10 0 3 0 7 0
10 120 6 9 9 0 5 2 117 5 105 3 3 2 6 120 4 104 1 1 106 103 2 120 106
9 111 7 3 0 104 10 4 4 0 6 4 5 10 3 6 3 0 0 6 10 103 1 1 9
9 5 2 7 119 6 7 9 8 109 4 109 9 3 8 1 6 1 10 8 5 2 6 9 2
5 7 5 6 4 117 118 3 7 101 8 6 1 0 10 5 0 8 112 6 2 6 107 2 5
10 7 6 10 10 3 7 6 7 8 3 10 2 7 1 3 117 5 117 2 7 2 4 0 6
9 108 7 10 0 10 7 109 0 2 0 4 9 0 5 102 2 9 9 114 101 5 0 1 1
7 1 10 10 3 3 8 7 106 2 7 0 7 104 9 2 4 0 4 0 8 5 1 5 3
1 7 5 5 2 118 4 5 117 5 10 5 3 0 7 115 0 6 3 2 0 8 9 6 106
7 0 3 114 101 0 3 117 6 6 7 5 7 6 8 7 4 9 103 0 5 4 2 8 1
0 1 114 7 3 3 3 10 0 2 8 3 4 2 9 119 7 4 0 1 2 102 8 0 5
3 0 119 6 10 120 10 3 7 6 3 113 4 1 6 0 6 2 10 3 109 5 6 6 5
1 0 111 5 2 107 104 8 111 3 117 4 3 3 10 5 3 119 6 109 9 3 7 119 10
7 5 119 6 3 4 10 120 0 5 5 1 100 101 8 107 109 6 6 1 105 1 109 116 2
0 3 3 7 115 3 2 119 0 1 10 10 5 4 120 113 0 119 110 6 107 9 5 7 7
9 8 0 110 10 8 5 3 7 7 1 3 7 116 1 1 110 3 0 5 8 1 9 8 7
1 1 6 9 6 7 1 6 104 4 3 106 5 3 2 10 10 9 106 0 9 104 3 5 4
1 6 108 106 10 0 7 9 5 9 115 0 120 2 7 10 8 0 115 107 3 1 10 107 103
10 8 10 9 3 7 6 2 6 1 5 119 4 108 0 114 1 4 119 10 0 10 4 2 3
9 3 1 4 100 6 106 1 1 3 1 0 120 3 2 9 9 6 4 3 105 117 0 3 2
0 9 106 7 119 1 118 9 5 8 7 104 5 5 8 2 9 0 10 5 115 10 3 8 2
3 106 9 2 2 8 100 8 8 7 7 0 3 2 118 115 3 8 10 4 2 7 104 2 3
6 8 3 6 0 10 9 6 6 10 120 5 1 9 2 7 114 8 4 1 6 6 8 108 10
9 9 6 6 0 5 115 5 9 5 101 2 4 5 0 4 9 108 5 4 5 9 4 10 3
30 10
10 2 7 2 3 9 2 8 5 111
1 7 7 5 1 4 9 3 7 9
1 9 6 4 3 5 7 6 119 0
110 3 6 6 8 2 8 0 1 104
4 5 3 105 10 1 7 1 6 1
6 0 7 1 0 10 3 4 4 0
8 3 9 8 6 4 0 0 8 3
2 2 3 186 3 7 2 8 1 10
5 173 0 6 0 159 3 120 10 0
7 9 4 1 8 2 4 5 2 2
171 7 1 8 1 10 0 4 1 10
4 4 5 1 6 0 3 4 7 5
6 2 2 6 5 141 6 7 10 3
2 5 3 108 10 10 2 9 1 5
3 4 4 4 6 190 0 7 4 2
5 9 5 9 2 6 6 8 10 4
5 9 6 0 3 7 0 6 2 5
6 3 6 5 0 160 10 6 2 4
6 3 141 0 5 132 4 191 6 8
5 8 5 1 9 0 103 2 5 10
107 5 9 8 3 1 9 3 4 125
1 0 9 7 9 4 8 3 8 0
9 1 2 9 9 149 9 8 10 7
2 1 1 10 10 4 10 2 7 2
10 9 8 1 183 149 9 5 10 0
4 196 9 184 3 4 9 124 5 7
2 7 6 4 119 1 0 3 8 10
3 4 8 5 7 6 10 0 0 2
0 9 0 4 0 3 6 8 0 7
7 10 178 10 8 9 8 6 5 5
30 30
4 9 805 819 802 810 804 4 814 10 0 807 8 811 5 7 9 802 5 4 9 4 0 6 802 812 2 803 10 0
817 804 810 4 803 6 9 3 801 810 817 5 2 820 818 810 5 8 10 1 816 10 809 6 804 4 818 801 3 801
2 804 803 8 4 5 1 9 10 806 8 10 801 806 2 0 802 820 0 3 2 10 807 7 1 819 10 820 802 10
812 803 804 9 6 810 814 9 813 4 3 4 7 1 812 3 6 1 9 808 2 7 806 818 5 800 8 1 808 812
820 801 820 1 2 800 807 8 7 5 814 2 1 2 3 800 0 9 7 10 8 805 6 811 10 7 10 802 803 808
818 811 807 5 805 805 811 3 3 814 813 5 5 3 814 819 8 806 1 10 1 819 818 805 812 818 9 818 3 814
10 811 820 807 9 809 808 10 809 1 3 1 1 4 3 6 8 814 2 4 820 5 807 814 817 8 9 1 0 2
812 1 804 819 812 801 801 0 1 811 2 806 818 811 812 7 5 811 9 8 816 9 7 808 806 9 6 9 806 818
804 0 3 814 820 4 809 3 804 808 803 2 6 808 7 3 812 817 0 5 1 816 1 0 6 806 9 806 816 8
7 804 1 800 2 9 4 10 10 9 3 818 807 1 819 800 814 816 10 5 2 804 806 805 814 801 3 810 5 801
10 9 8 814 2 815 818 8 4 819 8 820 810 8 806 9 808 813 806 3 802 5 800 9 1 806 817 2 7 3
811 1 8 802 7 807 815 4 815 8 801 815 815 5 6 8 814 812 3 817 813 6 819 804 812 5 819 2 812 802
811 3 801 813 10 817 806 817 5 819 6 3 10 802 800 808 4 808 816 7 10 1 6 7 809 806 5 804 812 817
819 0 813 9 813 801 6 7 5 804 3 811 806 804 2 4 7 6 9 8 1 809 819 811 8 809 3 809 805 811
819 2 4 819 0 810 809 802 10 5 5 2 10 9 800 6 0 806 807 8 1 817 0 2 802 5 807 806 2 818
819 807 803 10 2 807 818 5 8 8 804 813 4 8 808 814 3 6 817 811 6 8 1 812 815 819 8 811 0 10
813 807 817 805 10 806 0 809 3 9 1 816 10 5 806 1 9 803 806 816 9 4 814 811 0 7 813 802 1 813
3 6 0 5 815 4 8 816 8 802 5 800 802 0 1 1 6 812 4 4 813 803 800 817 6 1 2 800 801 4
819 804 800 813 8 8 10 4 0 815 801 8 3 4 1 9 2 804 1 6 808 3 810 2 5 800 808 10 810 6
1 802 8 5 4 802 3 805 7 8 804 807 800 818 809 5 815 6 5 10 817 8 815 802 819 7 6 7 8 2
3 7 7 0 820 812 807 804 812 806 1 1 815 816 800 808 1 4 7 809 800 801 0 814 7 812 2 5 807 811
817 814 3 803 1 809 818 805 1 808 814 812 817 815 7 817 804 8 2 820 812 0 810 814 9 809 7 809 805 809
816 808 8 804 805 801 8 802 817 8 3 10 6 810 806 806 818 803 1 812 4 814 801 4 814 804 1 813 817 807
2 807 801 0 2 806 814 5 812 819 808 807 814 819 1 10 2 5 10 10 5 800 1 8 817 805 6 815 5 809
801 800 802 812 2 5 811 8 5 803 2 3 820 801 6 3 809 8 818 817 8 3 1 2 8 7 1 4 1 5
817 806 1 10 808 820 811 10 809 800 804 815 2 810 2 5 810 6 806 6 812 816 800 802 6 9 814 10 812 809
5 6 2 1 1 0 803 802 8 811 801 9 10 804 805 811 815 820 5 811 9 1 4 3 10 802 9 3 8 807
804 819 819 807 9 804 6 8 4 0 805 806 7 2 2 819 802 9 5 811 5 2 818 0 800 5 1 816 2 818
816 6 814 809 812 4 0 805 805 7 3 803 8 809 1 807 0 5 8 1 804 816 817 9 815 8 816 806 4 814
818 4 813 807 9 820 804 10 7 820 812 7 7 812 7 817 5 816 802 820 10 805 3 2 2 810 804 2 812 818
