10
1 1000 100 5
5 2
14 9
15 10
25 5
29 9
10 1000 100 5
10 3
13 1
14 11
24 8
28 8
10 100000 100 10
2 132
8 47
18 90
23 51
29 163
32 15
41 111
45 135
48 37
50 94
500 100000 100 10
4 2570
5 1071
12 2492
19 5663
29 9485
38 1955
44 9982
49 5850
53 8162
55 4807
500 1000000 10000 1000
7 6617
17 17912
18 12803
26 15962
30 10945
38 17769
39 2885
41 18176
48 10636
52 16227
53 15802
61 13955
64 16253
69 17060
72 16468
81 17434
83 3074
88 13978
95 1702
100 3465
109 16049
118 6857
119 19896
129 15972
139 7000
140 15197
144 15721
149 3382
152 7139
158 9559
160 2411
168 5050
177 17448
184 10964
193 6883
195 2428
201 9606
207 13781
216 14174
223 17394
224 746
234 1370
236 13121
238 2798
244 18729
245 2413
252 1645
254 452
258 11577
262 16773
269 19141
270 12505
279 17509
285 1155
289 14574
296 14765
297 11446
304 11813
309 2644
316 15159
319 13394
324 7776
329 12403
337 18607
341 8799
349 7831
356 15675
364 4287
369 2860
372 12175
375 9171
384 6770
387 915
395 5124
405 7315
415 279
419 6033
429 6766
437 15221
441 3651
448 13756
450 4214
455 6095
465 18550
468 17349
471 19117
478 13050
483 8823
490 11407
495 6129
504 11270
513 7413
522 12791
532 9258
535 17430
544 17545
547 4313
552 4318
557 8568
559 16950
566 11301
572 2178
582 10281
592 2664
602 169
603 7660
611 17934
613 9417
623 10848
627 13676
631 2650
636 15858
638 16015
641 3643
647 12834
648 6976
649 1192
650 1962
658 1059
660 3065
666 278
672 15840
676 16444
683 16767
691 11163
699 8735
706 9741
709 558
710 14853
711 16788
716 9375
725 9967
729 12681
730 19928
732 17344
734 6065
735 18767
741 15051
750 17836
760 961
770 12877
773 3268
782 17346
788 5588
789 5927
799 16574
803 10035
811 18035
820 1986
823 13073
824 3035
831 5475
841 9025
844 1197
849 3030
858 7999
864 950
871 16845
877 130
885 5864
890 8311
900 8212
910 14276
920 10595
922 13221
924 14266
931 18570
939 5005
946 16343
954 11655
960 7090
969 8881
971 10318
980 11087
984 4694
988 3565
990 10116
997 16612
1005 565
1015 356
1022 7248
1030 5970
1033 16533
1043 3941
1051 17430
1056 5556
1059 13488
1068 15417
1078 10520
1082 10884
1083 17719
1091 15827
1093 8542
1095 2402
1103 10914
1107 487
1110 15949
1118 16799
1121 14335
1131 17758
1141 16401
1148 11713
1158 11626
1167 6678
1175 374
1183 12560
1188 5175
1194 11283
1197 2810
1205 2241
1215 1785
1216 14631
1225 14294
1234 10584
1244 12446
1249 1872
1259 16918
1262 52
1263 5665
1265 15718
1273 5712
1280 11028
1286 12666
1296 5038
1300 17472
1301 7220
1303 11444
1307 5359
1309 2274
1316 15252
1317 1008
1324 5546
1328 1475
1329 19851
1335 6393
1337 13548
1340 18686
1345 6718
1346 2739
1356 452
1366 8835
1373 10716
1374 4938
1381 7466
1382 14429
1384 17057
1393 10904
1399 16759
1407 15417
1409 18955
1411 15108
1414 13241
1418 2471
1425 411
1431 17402
1437 7784
1443 6611
1452 16443
1460 14124
1464 6629
1465 11283
1472 13122
1481 18823
1490 2603
1495 1680
1496 383
1504 18697
1514 10226
1524 15049
1531 16515
1541 16257
1551 14095
1554 11362
1555 5204
1556 18269
1557 6683
1562 4994
1568 3902
1578 17451
1586 11154
1588 4752
1594 17910
1601 15314
1605 17016
1615 6534
1625 5769
1630 15704
1632 4571
1640 2198
1648 3452
1653 3861
1658 18727
1659 5904
1666 1072
1676 7584
1679 894
1682 4619
1688 3452
1697 13550
1700 10356
1704 4259
1706 4997
1707 14431
1708 11958
1714 13655
1721 15301
1722 3950
1726 11050
1733 8335
1740 11953
1746 9655
1748 348
1753 10840
1755 7257
1761 5228
1763 17583
1765 4835
1768 36
1774 16116
1782 15296
1791 1726
1793 3705
1798 9431
1800 4389
1807 13147
1809 10448
1815 2403
1818 18607
1826 1109
1830 8955
1834 11049
1838 3818
1840 10371
1845 15414
1849 11223
1857 10112
1862 14897
1872 10454
1876 18005
1879 4275
1882 3497
1888 8340
1891 4853
1901 14443
1905 19628
1911 3654
1919 16233
1921 15844
1925 19471
1935 1984
1943 8700
1953 19515
1963 9039
1966 19535
1971 15401
1973 3903
1974 19612
1981 11237
1986 10016
1989 17086
1996 4609
2003 15622
2009 14594
2016 3893
2017 11796
2023 15346
2033 11650
2042 1603
2043 5840
2052 552
2060 5624
2063 1097
2069 1897
2077 5993
2078 2170
2079 4226
2084 19437
2085 13055
2091 8437
2093 9592
2096 390
2106 18187
2114 2970
2117 17782
2120 16824
2125 8962
2131 14536
2136 5606
2139 16602
2141 7142
2151 7187
2154 1218
2164 8149
2170 11569
2178 19548
2179 10810
2180 18444
2186 17521
2196 4960
2203 16297
2207 3569
2208 8610
2210 4198
2211 14601
2218 7744
2228 14083
2236 15297
2239 6672
2241 4970
2249 671
2256 8141
2263 1348
2270 12971
2277 4768
2285 18343
2295 19238
2300 15698
2310 11209
2311 2064
2321 13212
2325 3858
2331 15172
2335 10453
2339 10597
2346 241
2349 7221
2359 4884
2365 11686
2375 6121
2376 715
2382 1089
2391 5164
2397 7046
2403 11748
2408 12910
2415 15974
2420 9856
2427 14208
2432 12309
2435 13284
2438 14826
2443 16164
2445 16548
2454 4958
2455 14571
2463 19550
2472 340
2475 12880
2480 19925
2484 10336
2494 10297
2499 9384
2505 147
2511 14751
2516 13738
2520 17562
2528 13773
2532 3666
2541 13424
2542 2096
2550 12309
2554 16905
2561 9776
2571 4943
2573 14503
2580 9623
2581 16525
2585 18969
2595 13064
2603 12889
2607 4015
2611 14814
2615 3619
2618 172
2627 5593
2629 15664
2635 7397
2638 10664
2646 5588
2647 2305
2651 13832
2656 307
2665 18013
2671 17795
2679 19761
2681 823
2689 12503
2693 13411
2701 18291
2711 9202
2714 8818
2724 14532
2734 13621
2744 16500
2750 10467
2760 16907
2761 15669
2764 5793
2769 5236
2770 7218
2774 17390
2777 1963
2784 12020
2794 8833
2797 9930
2805 16812
2807 6022
2814 7520
2816 18235
2821 19642
2829 17114
2835 8881
2839 7476
2848 7068
2850 13427
2851 12182
2860 14098
2870 1901
2875 4090
2877 16080
2880 13894
2882 15124
2884 8630
2894 17836
2895 14610
2904 6239
2913 2404
2917 14789
2926 15190
2936 2197
2944 16655
2946 8481
2951 19683
2955 345
2965 1935
2971 16742
2979 19951
2988 18683
2993 16388
3001 19695
3010 11648
3016 7768
3021 14465
3026 6830
3030 5923
3036 6726
3042 135
3052 112
3054 7893
3064 13502
3069 19322
3072 2771
3076 18105
3081 16006
3089 2682
3098 5584
3107 9249
3115 1025
3123 3671
3129 3240
3139 14336
3147 18361
3154 6794
3159 9559
3160 10721
3167 403
3169 13505
3171 15871
3176 4811
3180 13001
3187 6652
3192 5226
3194 14110
3197 17724
3207 6460
3211 7709
3212 11843
3215 14175
3222 1509
3226 15242
3234 2402
3244 15883
3253 17825
3262 11839
3266 10992
3270 18871
3272 19573
3280 9165
3284 3305
3286 18779
3288 12323
3289 13165
3292 8851
3293 3126
3299 10473
3303 13768
3311 19479
3318 12
3319 8866
3326 2133
3332 18174
3336 14311
3338 6342
3345 9503
3347 12648
3352 8682
3355 14435
3362 8163
3366 2021
3372 6653
3380 7776
3389 12854
3398 18781
3405 18245
3415 13016
3424 4746
3426 14028
3435 13865
3443 18542
3450 3832
3453 9389
3454 7332
3457 16132
3460 14242
3467 180
3477 10081
3480 19626
3483 11142
3486 11557
3491 11855
3496 15032
3503 2908
3508 17908
3517 2302
3524 17125
3526 17204
3531 15138
3541 2339
3547 2436
3549 6268
3558 3627
3566 8644
3572 13675
3576 1873
3578 12809
3583 3186
3593 10365
3598 16008
3599 19843
3603 10610
3605 13380
3609 15624
3618 15855
3625 12783
3635 10501
3641 7722
3644 3185
3645 14181
3654 16589
3663 221
3672 6842
3676 12951
3680 5243
3687 7529
3696 12978
3703 9159
3713 2020
3714 16439
3721 10096
3725 12991
3728 425
3735 16131
3740 146
3743 4894
3745 2162
3754 10831
3763 16225
3772 7003
3777 7167
3784 5658
3789 18726
3799 11232
3809 4089
3811 18208
3812 18161
3818 14368
3821 18990
3827 13616
3833 5527
3843 12849
3849 15257
3856 9257
3858 4347
3861 10944
3871 3024
3876 19927
3882 5705
3892 19488
3900 13491
3909 11584
3915 7585
3925 14779
3931 10059
3936 9853
3940 9859
3942 15553
3951 3143
3953 8858
3956 10664
3961 12683
3965 12278
3975 17340
3978 8384
3982 3335
3990 15313
3998 9773
4007 4922
4008 343
4015 15425
4022 10904
4032 1358
4035 3609
4039 10755
4048 1761
4049 16701
4054 17563
4059 2616
4060 14156
4070 5068
4078 5666
4085 11268
4094 19657
4098 13191
4101 10426
4111 12736
4121 19758
4128 1212
4134 13495
4144 11818
4149 10669
4151 9888
4158 4526
4168 6539
4177 17289
4182 16517
4192 17512
4198 12512
4207 1267
4210 16474
4212 6664
4218 16225
4221 7193
4225 7330
4234 13480
4235 4548
4242 17707
4248 16972
4251 15944
4255 2627
4262 924
4263 15472
4270 11886
4272 4395
4280 18187
4290 17688
4298 12579
4307 17076
4310 7784
4320 6252
4327 8881
4334 13364
4340 16881
4349 7939
4354 9708
4364 2065
4373 16555
4375 4430
4377 9793
4378 3893
4382 12826
4384 7026
4389 7546
4392 8538
4402 8007
4403 12477
4412 18064
4414 5292
4417 13060
4426 5022
4427 19618
4433 16943
4440 820
4450 12673
4456 19948
4460 2967
4468 17537
4478 6998
4479 2731
4486 3920
4495 15712
4498 8694
4507 16231
4510 8770
4518 16825
4526 9155
4535 6151
4544 2588
4547 17393
4554 17230
4562 14312
4567 15086
4574 15193
4581 15452
4588 9027
4589 14669
4590 491
4599 12821
4600 71
4602 12758
4603 2046
4612 7041
4621 14585
4630 1104
4637 14215
4640 9278
4649 13744
4658 6913
4661 8711
4663 159
4664 10403
4667 17526
4676 12937
4684 179
4686 9330
4691 5108
4694 16232
4704 7668
4709 15960
4712 6807
4722 26
4723 8138
4730 19761
4740 11888
4744 9662
4753 16859
4758 798
4760 19531
4766 4207
4768 3968
4772 105
4776 15811
4783 9923
4793 19871
4799 14651
4802 5172
4807 9808
4817 10399
4822 198
4823 16449
4827 16845
4834 15990
4837 967
4844 15533
4850 18993
4855 3128
4859 4926
4865 8143
4868 4817
4873 211
4879 1127
4883 837
4886 2884
4887 6597
4893 16605
4899 5511
4908 5619
4914 10987
4919 17778
4920 1138
4926 8922
4927 19354
4930 337
4940 9898
4948 19435
4953 11793
4955 11476
4965 10981
4968 8096
4978 2513
4981 9218
4985 7902
4992 986
4998 290
5007 16215
5009 10708
5014 7284
5022 114
5027 10337
5037 1558
5043 11252
5048 14134
5057 3050
5067 2228
5074 10002
5076 19888
5078 14342
5081 2201
5082 159
5085 14422
5093 4171
5101 12515
5102 4517
5108 1735
5111 9001
5117 7036
5118 4913
5128 14732
5131 15196
5132 2703
5138 1012
5143 8062
5144 15946
5145 15185
5148 4702
5153 8005
5158 12097
5160 7988
5165 6720
5172 19312
5179 4749
5189 6502
5192 14929
5195 5030
5196 17020
5200 7424
5202 3567
5204 95
5214 14740
5218 14324
5223 265
5230 15791
5240 11741
5248 16034
5253 11083
5257 1172
5258 18514
5266 8685
5267 3554
5270 11580
5272 17217
5278 19024
5285 4131
5286 5347
5295 8382
5301 14076
5302 18193
5303 15390
5305 7566
5309 6729
5312 12106
5314 9535
5323 2330
5324 17089
5333 10772
5335 416
5339 16077
5340 8495
5341 6479
5343 13178
5353 8098
5363 1551
5364 2108
5370 7150
5372 16514
5378 13072
5386 18407
5395 9736
5402 17219
5407 10150
5412 19108
5419 1115
5427 10879
5430 16412
5436 17707
5438 10456
5440 11425
5445 10563
5449 7865
5459 7099
5463 975
5464 11197
5470 10607
5474 9032
5475 5089
5478 15389
5485 5493
5492 3483
5500 8405
5510 13745
5512 5891
500 1002000 10000 1000
10 14091
14 14810
16 3780
19 12767
20 19120
25 1614
27 12614
33 6811
36 5610
45 8825
50 9963
56 3595
64 9789
69 16753
74 8590
78 11265
86 14956
95 3581
103 9440
107 8020
116 13466
119 16230
121 9459
123 4456
125 5825
134 17563
139 12278
145 11560
151 11393
153 18927
159 10456
162 10866
169 5606
176 6455
180 13073
188 14518
198 11716
206 11376
210 12481
218 17883
222 3637
225 18421
231 9387
234 8107
240 7457
243 10374
252 18178
262 1302
268 17688
276 5923
284 4762
286 5278
296 10015
298 9816
307 3879
312 11423
317 985
326 17460
336 742
346 17401
349 1115
354 17946
360 10476
362 2836
367 2607
373 4596
382 13157
385 15138
394 10573
403 8192
411 4971
414 12504
420 17966
422 975
425 12670
428 19233
436 17879
441 1785
443 2601
448 7947
456 19410
463 4088
468 6653
478 19974
487 16215
494 10007
503 8728
510 18870
520 6305
527 9415
530 13818
535 7766
544 79
546 13602
548 368
558 11709
562 3172
570 17691
571 6931
579 6255
581 14792
582 15601
592 3902
600 12323
606 7105
616 2592
621 19207
630 398
637 16357
643 17646
649 11395
657 4861
661 4833
663 9232
673 1241
682 7136
683 12604
693 8887
701 7032
702 11512
712 14971
715 8242
719 14113
721 14476
727 12773
732 1111
734 15602
739 9142
740 11334
741 18726
750 11883
751 12363
754 2933
763 3934
772 19101
780 7842
783 2073
784 17871
789 16604
797 14655
802 19938
803 1477
804 12394
806 18041
807 9924
810 15149
816 14043
820 11588
828 19166
836 17382
841 17977
844 12853
853 3640
862 14162
863 17847
866 10520
875 8322
877 13160
884 13502
889 13098
896 10513
899 543
902 9644
907 19988
910 15840
913 571
919 9350
927 7231
936 5311
940 557
942 4258
945 1761
948 19815
949 19666
953 14394
954 10060
955 10809
957 14564
966 9148
967 14877
976 3032
985 4967
987 14765
988 19093
992 11757
993 7278
1003 15479
1010 9222
1020 10461
1024 15040
1030 15308
1031 15757
1040 2994
1045 928
1050 84
1052 5919
1055 3033
1057 12094
1066 5154
1073 18670
1075 11977
1085 2311
1086 12716
1088 19218
1095 10491
1101 16765
1109 19524
1112 18501
1114 16291
1121 587
1122 18530
1132 16993
1134 15151
1138 13911
1144 13210
1150 2808
1159 9936
1168 15585
1176 3856
1183 15070
1192 15217
1198 18359
1199 11965
1205 16423
1209 18243
1214 7070
1216 15223
1222 12210
1225 18244
1233 14024
1240 18386
1245 13954
1249 10054
1257 4003
1261 10924
1269 13419
1279 1516
1289 5411
1298 6325
1301 12327
1308 19844
1310 395
1313 10107
1323 4255
1330 10305
1336 2019
1346 14756
1350 10406
1357 10816
1361 19545
1367 15603
1368 3614
1374 10033
1376 1456
1384 15634
1393 164
1402 7936
1407 541
1412 11686
1422 17758
1423 15033
1425 8958
1432 6671
1442 14437
1448 2916
1451 11047
1461 13218
1466 8227
1472 7375
1482 869
1483 11227
1492 18937
1495 16348
1502 17038
1504 14126
1511 487
1520 18542
1527 7644
1528 5593
1529 206
1532 16513
1540 4505
1547 17349
1549 4948
1551 7664
1555 18692
1556 12839
1560 11707
1565 13452
1567 8315
1569 4765
1571 11599
1573 1664
1580 12622
1583 13679
1587 8979
1591 12327
1599 7285
1606 15661
1609 15701
1618 18174
1622 4743
1626 12062
1634 9634
1640 1537
1649 9576
1650 10234
1658 13118
1666 15850
1667 7466
1670 9793
1678 5001
1681 7230
1690 8194
1693 425
1697 19481
1707 1438
1710 18684
1715 1901
1719 18221
1723 11674
1728 16934
1738 14682
1746 12605
1753 2499
1763 15947
1765 16500
1771 15745
1778 8465
1785 915
1795 14235
1796 18320
1802 4114
1810 15048
1814 19742
1822 10833
1825 2062
1833 6971
1843 6328
1848 9998
1852 9961
1854 2076
1862 734
1867 12290
1875 16421
1883 17978
1890 15886
1891 10536
1901 19564
1910 4043
1913 6471
1919 16732
1921 1872
1926 16951
1927 9566
1935 1226
1939 6083
1948 6982
1950 15544
1955 7325
1962 6675
1964 17738
1969 8605
1976 15191
1986 17027
1994 18711
2001 11551
2004 11373
2005 6828
2013 8810
2020 18819
2022 13924
2028 13863
2036 19365
2042 17324
2049 9710
2057 11928
2067 7977
2077 4037
2085 12065
2093 11202
2100 157
2108 8555
2115 15205
2122 1907
2123 13074
2125 14002
2129 15772
2139 2648
2143 3
2148 8034
2154 8747
2160 1936
2170 9626
2177 13470
2184 11839
2193 8143
2198 10039
2200 19798
2208 12315
2218 5602
2228 5744
2231 146
2241 11351
2244 15714
2249 19606
2252 17393
2260 8534
2264 19330
2269 6722
2273 14530
2281 7814
2289 19745
2297 10360
2307 3174
2314 2380
2319 3609
2328 1781
2329 17485
2331 11786
2341 2732
2344 18718
2349 3233
2355 4094
2358 13884
2359 12027
2367 14573
2370 18416
2373 569
2377 809
2381 7286
2388 4192
2391 1037
2399 13374
2401 11512
2410 15074
2420 13219
2421 8332
2428 14497
2429 6523
2435 5973
2439 5824
2441 7554
2447 1684
2454 9596
2457 18728
2465 8518
2472 8547
2481 7585
2490 16439
2496 19982
2501 18036
2509 5826
2513 6524
2519 1486
2522 3187
2524 10196
2525 7699
2529 8945
2535 13937
2543 9823
2553 16834
2554 8874
2562 15034
2566 6472
2572 10386
2582 7847
2592 18011
2594 10347
2603 6605
2611 14037
2613 19197
2618 18955
2621 13781
2630 4104
2637 7870
2638 17180
2640 6451
2648 14858
2658 16484
2668 18583
2676 8430
2678 17675
2684 11401
2687 8956
2688 19267
2698 6028
2706 19094
2708 18861
2710 834
2713 10918
2718 13300
2728 9108
2733 11140
2738 12856
2746 452
2751 1307
2757 1408
2764 14110
2765 16942
2768 9351
2769 1918
2776 9012
2785 9183
2787 5439
2789 10066
2799 1067
2800 6804
2809 14267
2811 10690
2819 7214
2827 9001
2836 14230
2845 584
2851 12978
2859 8316
2865 8259
2866 13028
2876 19463
2879 4455
2882 884
2890 5611
2893 16141
2902 4461
2910 1518
2918 8895
2926 11450
2934 9729
2939 2482
2940 14491
2946 674
2954 7210
2955 12184
2959 1886
2960 2016
2969 6536
2979 5425
2985 14546
2993 8353
3000 11572
3004 14143
3012 18203
3018 9203
3019 6466
3025 16145
3031 9317
3038 15728
3039 13098
3044 1892
3051 3592
3057 435
3061 6056
3064 8890
3065 360
3072 13556
3077 5439
3086 11633
3090 16127
3092 14319
3099 11272
3100 4208
3104 7771
3114 15043
3123 13462
3130 19149
3132 19272
3138 8471
3147 2412
3155 4433
3160 18392
3165 2030
3167 18122
3172 18626
3173 5751
3181 3
3182 15120
3187 19007
3194 18835
3201 10933
3209 6179
3210 1638
3217 12949
3219 19939
3226 12988
3228 12803
3235 7152
3237 17877
3242 12067
3243 14015
3252 6647
3253 16834
3256 2345
3266 7660
3267 16718
3270 12284
3271 17981
3273 13551
3279 1242
3288 224
3289 255
3294 11887
3299 6451
3306 200
3315 12849
3325 14436
3335 18374
3339 15093
3346 1135
3347 6366
3348 15209
3355 9719
3356 11819
3364 1191
3365 10988
3371 9137
3375 9259
3382 6760
3389 11603
3390 19351
3397 2167
3400 9781
3401 2133
3403 5126
3413 7960
3418 10977
3423 10073
3431 11956
3441 1726
3451 11404
3459 4480
3460 633
3468 3180
3472 19036
3473 5860
3477 4855
3481 5128
3486 1392
3495 17131
3498 16019
3500 19625
3505 3528
3506 17456
3507 3750
3515 7013
3518 12034
3526 14760
3531 2485
3533 17003
3542 8884
3552 12405
3558 13410
3566 19131
3571 16684
3578 1845
3585 2696
3586 122
3595 4865
3605 6576
3606 2328
3611 5937
3612 14851
3617 8338
3622 4992
3627 18302
3635 9735
3638 3689
3640 17416
3647 4383
3648 6882
3658 421
3664 7665
3674 6099
3681 708
3685 12903
3692 3026
3698 17468
3705 15243
3710 4639
3717 910
3721 710
3728 4183
3732 4308
3741 19189
3743 8976
3747 16305
3749 8273
3753 3213
3757 7050
3758 15378
3763 13778
3771 18640
3778 3773
3782 10539
3789 16474
3799 9942
3806 7454
3815 1580
3824 9402
3826 16344
3827 10735
3829 17218
3835 11751
3843 18193
3845 3876
3848 14095
3851 19946
3857 3084
3867 16358
3877 7436
3878 4748
3888 11203
3893 16811
3897 4018
3904 7199
3913 8601
3919 15521
3920 8536
3922 16902
3924 18625
3928 17396
3935 11320
3943 10442
3948 14305
3953 17388
3955 17132
3962 458
3969 11510
3979 3416
3985 4414
3987 4611
3991 13330
3997 6831
3998 9154
4006 6992
4009 1878
4013 18723
4014 14902
4020 11626
4030 13609
4035 6836
4037 14811
4038 5537
4048 8217
4052 2768
4062 3126
4063 7073
4071 8653
4072 4139
4080 4410
4082 9019
4086 8223
4096 6868
4101 1116
4108 4862
4111 19207
4112 11620
4113 19415
4117 19117
4124 12894
4129 3424
4135 5658
4139 12179
4149 14296
4153 15752
4157 10914
4163 19980
4173 669
4183 19064
4184 16922
4189 14306
4190 3124
4192 15825
4195 900
4202 5341
4209 7455
4217 531
4226 9615
4235 11995
4238 393
4247 15010
4254 1675
4264 7140
4273 13935
4274 8807
4276 16273
4279 16561
4281 1528
4285 5731
4289 1266
4290 13980
4295 11550
4296 11831
4306 15556
4309 9866
4316 10636
4326 11261
4331 8369
4341 9890
4348 19243
4351 12766
4357 5143
4361 19778
4371 2700
4372 12991
4375 6063
4384 18158
4388 3199
4392 8906
4400 9303
4408 18827
4418 1073
4424 4566
4427 3127
4434 18880
4444 11147
4451 19889
4453 16036
4461 19569
4468 3081
4473 8603
4478 9969
4479 1947
4486 8408
4491 19567
4497 12710
4501 9895
4510 13881
4519 16046
4520 3468
4530 3177
4533 17811
4538 12024
4542 2667
4547 3140
4556 8769
4565 13084
4572 7777
4580 15168
4584 4970
4593 13099
4595 19334
4599 11691
4606 12579
4608 16254
4611 7118
4619 6471
4622 3628
4628 15023
4634 6431
4638 19832
4645 11127
4653 7437
4654 7844
4664 12634
4671 7024
4678 17725
4685 10027
4686 12114
4689 4427
4691 8885
4693 8268
4700 7136
4708 16026
4717 1836
4718 16954
4722 11871
4724 339
4732 19636
4737 19936
4747 16178
4750 10643
4754 13936
4761 10918
4768 19640
4778 7635
4788 16918
4790 13057
4791 4072
4792 6456
4800 2760
4808 2375
4812 11846
4821 3408
4830 17994
4838 18579
4848 8409
4855 3911
4860 8861
4868 2675
4874 6352
4879 11264
4881 5813
4886 13919
4891 7200
4899 11984
4909 12756
4918 13190
4926 14267
4936 12038
4944 14852
4945 3186
4947 12614
4950 2526
4959 8083
4966 1882
4972 13191
4976 2762
4986 4377
4996 8651
5000 18327
5007 14620
5014 16411
5020 13122
5024 2437
5029 6772
5031 2100
5041 4487
5049 4195
5057 16050
5060 5342
5069 12279
5072 18254
5079 4351
5083 5274
5088 6992
5093 3192
5097 127
5106 19325
5116 14626
5118 11577
5124 4511
5133 2977
5139 4536
5146 15588
5148 772
5156 11990
5161 19864
5171 15581
5178 2732
5187 8404
5196 510
5204 1676
5213 424
5220 11065
5229 10075
5238 9966
5248 1193
5253 13175
5263 9995
5267 10701
5274 3047
5283 17311
5291 12872
5293 10556
5295 10620
5302 17276
5307 2073
5310 5108
5319 444
5325 18969
5335 10224
5338 16377
5340 14072
5349 7040
5350 7414
5359 7197
5360 14048
5363 7103
5370 9674
5372 8885
5374 9862
5381 727
5385 19720
5386 662
5393 3606
5395 12927
5397 17487
5405 6080
5413 7237
5415 6914
5423 9806
5425 668
5429 5357
5438 4767
5439 15685
5441 3964
5451 841
5457 13158
5459 15998
5460 15592
5462 6530
5471 17276
5473 14162
5474 9547
5480 16133
5485 7451
5489 7103
5491 12862
5500 14711
5503 6493
500 1002000 100000 1000
58 17401
99 28362
119 4444
177 43760
243 19982
305 16160
354 33205
386 18718
389 44226
416 18964
553 14092
594 29349
632 11603
767 18050
896 28136
912 18339
933 2811
1031 40854
1074 43296
1185 17822
1325 42067
1448 12541
1533 17662
1536 22616
1645 42271
1648 13776
1689 40396
1780 33057
1908 12334
1922 26394
2056 46119
2150 31203
2176 16918
2234 7911
2306 44565
2418 32829
2496 27991
2571 23856
2599 42277
2720 49387
2733 26257
2823 6609
2952 43140
3034 47072
3039 9437
3088 42239
3139 20848
3204 49924
3272 7718
3395 27543
3432 37890
3568 38445
3582 34399
3613 461
3720 38964
3735 42795
3863 28598
3886 7851
3922 5770
4013 14059
4120 40933
4172 22190
4260 2558
4374 41959
4523 9849
4574 36240
4612 32521
4620 46333
4705 36790
4752 22479
4767 14401
4794 21984
4873 7801
4886 34279
4988 27854
5075 16888
5096 38246
5144 32354
5176 28305
5313 16843
5371 16460
5424 28667
5461 20101
5530 2317
5545 39795
5567 6792
5603 3287
5650 9958
5701 43468
5759 25282
5902 3720
5928 14597
6048 20156
6178 37186
6280 298
6294 38881
6373 29049
6437 31299
6449 15365
6508 13320
6548 47841
6608 49843
6694 27534
6709 18499
6775 23566
6924 8608
6934 2833
6963 13204
7078 33816
7132 2924
7146 45927
7256 47644
7380 4102
7460 35365
7575 44306
7694 30074
7698 27284
7756 7894
7871 49791
8005 25559
8154 27061
8251 2438
8325 22213
8405 30498
8458 43364
8513 45495
8618 3
8724 30601
8801 6271
8803 28955
8896 3931
9042 45702
9054 10852
9189 27888
9228 38394
9286 17764
9318 31798
9348 3717
9498 40305
9545 27895
9676 22824
9812 7137
9820 30481
9949 26321
10006 47170
10064 15516
10086 14745
10133 49420
10274 5747
10283 1527
10289 10650
10294 26910
10325 19725
10403 49834
10498 28532
10560 11003
10655 21253
10773 12776
10876 41773
10979 22412
11015 26685
11132 46933
11225 16817
11342 18353
11379 20017
11526 47410
11616 14318
11717 6224
11761 14279
11804 13140
11939 24777
11994 11108
12042 3681
12100 18718
12186 28828
12189 4728
12196 4566
12267 46172
12381 29761
12423 48174
12559 17550
12575 8598
12700 49699
12794 8156
12823 3928
12946 25898
13041 37541
13089 19039
13225 10535
13301 31063
13386 16591
13505 22885
13559 36504
13561 26405
13566 36985
13598 29621
13697 46702
13753 15162
13842 6861
13938 21781
13967 12777
14111 9559
14247 3078
14390 45852
14526 23168
14667 26920
14773 17410
14883 6905
14919 5659
14973 47627
15122 28620
15221 31658
15296 26180
15371 45489
15455 9754
15487 35705
15526 21440
15563 10278
15661 33594
15680 20756
15736 1480
15790 7695
15865 43361
15893 36805
16027 1388
16030 37489
16073 36329
16196 8957
16283 40319
16356 699
16500 42269
16560 2754
16670 25263
16686 39210
16748 47826
16818 1505
16912 47703
16931 18905
16997 7755
17048 27288
17055 9143
17084 25757
17136 27978
17279 35722
17422 33420
17554 23754
17628 47420
17738 23083
17864 13812
17978 15789
18010 42599
18152 5771
18181 36434
18192 47813
18317 29556
18433 9871
18544 22011
18548 26908
18556 38941
18578 22265
18677 45090
18740 1608
18766 41906
18775 507
18850 18783
18894 24650
18920 6528
19006 36024
19036 27382
19064 14992
19120 43473
19124 36606
19241 29998
19334 35836
19430 25729
19544 5072
19689 14921
19716 4974
19797 48394
19918 5685
20047 43443
20087 13317
20136 25410
20176 12106
20246 13905
20379 30938
20503 1010
20572 11443
20697 39400
20727 38849
20788 12450
20817 28815
20909 12063
20984 14442
21128 7455
21202 23390
21334 7129
21414 20158
21492 2913
21556 28534
21576 45705
21592 34276
21731 25636
21744 24778
21853 33062
21873 37255
21914 10359
21929 34300
22015 27411
22161 35025
22211 45826
22327 26772
22359 9833
22407 16863
22424 6247
22431 2753
22544 4750
22671 2379
22755 24179
22827 32119
22937 20117
23075 35284
23222 11541
23372 49763
23521 21063
23532 32654
23630 29852
23773 21489
23831 11054
23872 31142
24018 31078
24047 34209
24169 3515
24234 48894
24257 31333
24366 47212
24505 3474
24580 7351
24627 4641
24717 37875
24793 48314
24911 25756
24957 35904
25062 46246
25075 30265
25168 3175
25236 30139
25359 10896
25410 5402
25546 40014
25605 6572
25748 10177
25852 16826
25910 27912
26020 22235
26067 46876
26206 12697
26246 43259
26348 3464
26362 20093
26434 39417
26516 38981
26544 2869
26648 25385
26664 8826
26690 36430
26769 7187
26800 45285
26816 7372
26890 17958
26993 37069
27046 29793
27118 4487
27181 38104
27237 26551
27314 42363
27365 18517
27455 24627
27529 24178
27636 30135
27747 32365
27795 14947
27905 19577
28055 44697
28154 47085
28232 46699
28240 25361
28330 22973
28405 13577
28546 3322
28607 33774
28709 26886
28768 31132
28862 41937
28978 39156
29101 14845
29244 19990
29270 13531
29366 1180
29392 9944
29452 30172
29473 44949
29510 27353
29659 229
29800 16381
29834 44021
29856 37447
29925 31839
30037 8424
30181 9127
30229 19618
30246 14969
30270 47382
30412 49347
30535 578
30607 15522
30652 11034
30717 14500
30806 46934
30878 35658
30973 35883
31059 4234
31190 15329
31201 3827
31260 19010
31284 21384
31349 18792
31400 24658
31550 22259
31601 17452
31704 1855
31800 14929
31930 48885
32033 43842
32057 37848
32060 31247
32115 17711
32222 46282
32277 6408
32358 8785
32410 14678
32519 47712
32556 21665
32613 46918
32644 25085
32765 5074
32892 2166
33006 38797
33022 33716
33079 19369
33117 8129
33247 23833
33372 29478
33406 21081
33425 9374
33449 49696
33570 27482
33670 12877
33687 43511
33787 28318
33846 37801
33907 8600
33960 7862
34013 2360
34073 27741
34102 7698
34133 5539
34161 15104
34244 7219
34378 6239
34424 429
34433 3276
34454 31605
34563 7754
34585 15634
34629 17625
34671 20601
34760 1908
34848 3769
34933 27888
34978 41565
35060 44201
35195 38538
35199 13445
35244 10217
35283 36699
35343 9698
35464 6900
35547 5545
35558 18412
35607 22351
35735 41702
35787 21756
35894 15366
35999 3929
36118 25946
36138 37124
36212 23152
36238 12249
36379 45959
36484 24416
36540 18563
36591 49615
36688 6833
36763 33631
36770 43643
36915 18680
36931 5279
37046 44950
37098 35964
37193 17572
37338 23609
37432 46615
37582 2473
37628 24645
37743 24738
37817 39339
37900 5411
37927 3018
37941 24870
37962 5048
38092 40529
38142 35162
38156 19802
38236 36466
38270 17943
38361 15368
38487 585
38535 15762
38557 30512
38697 336
38766 879
38806 644
38931 8535
39003 11314
39112 48025
39120 42595
39263 35053
39383 8897
39398 18009
39454 16418
39509 41967
39539 46577
39606 44879
39746 41015
39816 10116
39834 43973
39850 4803
39949 11651
40040 23385
40069 7979
40159 29353
40189 2572
40289 30351
40351 39041
40432 24220
40538 3153
40639 48396
40721 27358
40783 20067
40794 41463
40802 34580
40917 47055
40918 41769
41057 10745
41106 45711
41212 43004
41295 12275
41334 34133
41464 16166
41596 4946
41697 22769
41703 23171
41729 43158
41732 12560
41876 12983
41942 46719
41946 23622
42051 30997
42064 15788
42071 17463
42211 30395
42310 45993
42422 39496
42513 8699
42564 7980
42583 37010
42645 1606
42686 27143
42744 1348
42750 22051
42778 5953
42898 26571
43003 22642
43065 49376
43086 12717
43231 47393
43372 35194
43457 28226
43590 11583
43600 23920
43636 2969
43750 2404
43880 24669
43981 49923
44056 27093
44124 9355
44249 31539
44259 9203
44389 38465
44411 30956
44437 49752
44552 42560
44668 15892
44814 4810
44955 8035
44961 28307
45106 27482
45169 10947
45279 39881
45371 9272
45480 25015
45587 45317
45660 34927
45696 35683
45705 39980
45707 25722
45709 37114
45783 41474
45844 24950
45846 34569
45905 31599
45963 13138
46045 22552
46151 12846
46161 27074
46205 48865
46306 6788
46439 18510
46589 2985
46635 45103
46652 20115
46795 22974
46803 16479
46899 32447
47021 42385
47115 34952
47137 5491
47258 257
47305 4260
47393 18432
47394 35211
47441 20664
47512 27572
47518 3824
47556 26982
47705 2236
47723 605
47754 23450
47885 49047
47962 38755
48018 34024
48076 15955
48164 3388
48300 20043
48369 9451
48518 2168
48546 41248
48673 9543
48754 34903
48805 10377
48859 2952
48944 31661
49066 10995
49209 14317
49230 30809
49322 20117
49466 25364
49612 42761
49638 48030
49767 32687
49775 28663
49824 31301
49863 16016
49989 49072
50031 32359
50151 25920
50279 41393
50368 8064
50448 32329
50584 16462
50628 38615
50692 67
50810 20304
50905 41984
50975 759
50988 1235
51098 11601
51119 10326
51225 18011
51303 33535
51312 8887
51447 30326
51555 34150
51674 20083
51735 39276
51853 48515
51967 5599
52088 44348
52127 44975
52267 25081
52341 44765
52432 18687
52502 41958
52505 22614
52587 12785
52636 49478
52642 11000
52769 49928
52897 19478
52957 44895
52963 13628
52993 42645
53009 34216
53134 10170
53174 30131
53278 11161
53351 26073
53471 32485
53511 5663
53556 38428
53689 23368
53773 7313
53836 14873
53911 18906
53972 21672
54019 29397
54028 29827
54106 38851
54110 47317
54243 20812
54305 27000
54342 32385
54472 10262
54517 1177
54611 20178
54690 13201
54812 14805
54899 20658
55000 37591
55136 22482
55219 11858
55285 43013
55321 38862
55364 46818
55388 34096
55401 49220
55416 37841
55459 38086
55593 12840
55599 46597
55732 14768
55870 37765
55882 5026
55884 29648
55947 30410
55972 15810
56102 12835
56250 45610
56308 19807
56409 14246
56482 43261
56541 10361
56666 21409
56719 5859
56752 35154
56822 42825
56942 4811
57030 40270
57100 41731
57214 8572
57241 12057
57387 31205
57525 42059
57638 1820
57730 27647
57741 42750
57765 22081
57789 17027
57934 6337
57987 19518
58076 32445
58175 48652
58227 20877
58276 22204
58316 14791
58422 20482
58429 17343
58534 15214
58650 19610
58719 9922
58800 22026
58825 4823
58838 1689
58881 17897
59027 2432
59136 33720
59227 32144
59344 14989
59489 21646
59634 14370
59687 4430
59822 14953
59871 43908
59905 27055
60030 11913
60094 29444
60176 31883
60251 21400
60339 12142
60432 17812
60548 9182
60591 9102
60621 15903
60763 48518
60899 29950
61022 12631
61152 9757
61245 17982
61316 39130
61341 45845
61387 43925
61454 24303
61572 43162
61613 29798
61638 24270
61655 39426
61722 21243
61824 7810
61922 1686
61925 2577
62006 47576
62078 17991
62146 26812
62227 37118
62302 22597
62403 37815
62500 47887
62539 27222
62597 28227
62609 17523
62683 40102
62738 23497
62763 27934
62903 8980
62959 45455
62991 41592
63140 29826
63242 41868
63263 13075
63364 4098
63440 41959
63502 25454
63523 19653
63654 20576
63790 37473
63807 14105
63869 9990
63953 30621
64085 15379
64201 29475
64255 29711
64336 43366
64465 17259
64498 13641
64641 49453
64758 26575
64822 32820
64858 34210
64936 19249
64946 27947
65066 15953
65080 48001
65181 19857
65313 21557
65421 44107
65427 25010
65510 9598
65517 15684
65652 1537
65718 44395
65732 32754
65879 20156
65980 38699
66062 45238
66070 16160
66133 33117
66254 36155
66255 30654
66320 35693
66379 4521
66477 19421
66572 537
66721 20716
66861 10335
66985 42069
67053 18644
67077 25301
67158 4747
67232 31178
67306 7661
67352 2422
67386 9276
67436 20397
67511 11028
67578 44937
67608 47430
67737 6426
67794 5429
67890 15982
67908 46997
67966 21711
68114 41288
68198 26855
68294 11617
68356 25014
68399 8066
68522 21785
68597 20068
68672 29265
68731 30136
68838 47746
68956 34643
69098 5256
69229 25218
69343 26366
69439 20188
69468 39511
69602 49223
69627 582
69732 22771
69777 35867
69908 16390
69954 39121
70026 48304
70040 26055
70145 27841
70277 30588
70394 38088
70494 38854
70639 21186
70742 16132
70863 14754
70869 49510
70997 45208
71077 47512
71162 6151
71190 26786
71310 30295
71340 22833
71382 14713
71407 21882
71548 47186
71691 18125
71729 39733
71793 3070
71885 32811
72018 1613
72065 2936
72074 20087
72129 3014
72226 21514
72316 26630
72411 26048
72499 41316
72526 10201
72620 36711
72666 15394
72807 41324
72948 35601
72993 20818
73114 40054
73263 1863
73366 31539
73397 24705
73480 43534
73585 20411
73618 9637
73685 31612
73800 31348
73841 25008
73849 37575
73894 48136
74031 4469
74155 19863
74286 40192
74351 36402
74412 38042
74511 7852
74537 880
500 100200000 1000000 1000
745 48671
1513 25492
3049 36154
3898 14199
5227 2892
6469 7300
7422 16252
8201 16198
8997 40360
10555 7787
12193 5843
13635 38641
14981 16821
16009 47005
17255 14065
17307 23984
18300 56
18787 27723
19974 28130
20042 20235
20234 15075
20391 16581
21129 31959
21290 33589
21441 21961
23044 49354
23392 29449
23724 4783
24838 36722
25172 12487
26074 6160
26232 26815
27574 20088
28389 20231
28663 8044
30292 37028
30772 31513
32361 30547
33078 46462
33569 15140
35193 26482
35858 4417
36959 37292
37481 22044
38531 14881
40228 25742
41324 24121
42467 35995
42715 14279
42999 7371
43466 17447
43703 35625
44327 36075
45830 21559
47507 38092
47777 28244
49041 30668
49467 12132
50922 3682
51838 26639
51950 35127
52925 13947
53333 37794
54533 17213
54728 10729
56012 34943
56689 1557
57497 16445
59051 8547
59324 31582
59392 38481
60051 19075
60976 47079
62560 48478
64074 8461
65491 24232
65865 24506
66761 13583
68266 12123
68964 28348
69080 10091
69774 31584
70817 20541
71535 18610
72727 17489
73913 18434
73971 30081
75179 12653
75807 15334
77228 23204
78815 29197
79256 45291
80267 17761
80851 13194
82277 33196
83468 38414
83565 14546
83691 22403
84348 34102
84588 40930
85078 44677
85579 48827
86408 5022
87712 538
88318 40551
88918 34997
89947 27804
91594 4996
92921 539
94360 20864
95343 35713
96651 30959
97299 35613
97548 35696
98120 7710
99750 14862
100468 5827
102015 41395
102854 18521
104539 35617
106226 15418
107166 14717
107764 37108
107888 21342
109036 47927
110423 19275
111276 5878
112110 44628
112321 22430
113416 19935
114140 4578
115271 49711
115502 18876
116295 25122
116631 43113
116964 17542
117534 18315
118080 26310
119537 2687
120678 14315
121682 3066
122715 30799
123448 8388
123963 40312
125024 39827
126083 25490
126558 15657
127601 24541
128219 14163
128962 27270
130660 22259
131561 44399
133026 33329
134149 24083
135197 12678
135569 6133
136021 31828
137562 12765
137922 45773
139471 27977
140136 5383
141112 4788
141317 3419
141395 3637
142351 6853
142374 29589
142720 10945
142948 36432
144445 33541
145056 34492
146276 49982
147716 22913
148886 7384
150577 32682
151884 16670
153267 21366
153680 25614
153956 29502
155457 28643
155546 32930
155994 32999
157185 8101
158373 6101
158822 20654
159097 4892
160400 27601
161882 11972
163515 2849
165054 18888
165226 4432
166305 19576
167624 17508
167851 12723
168963 41562
169759 8600
170066 20340
170634 31674
171092 18884
171697 27611
172729 49894
173330 27985
174890 40671
176421 26719
177587 15045
178465 45983
179562 29426
179864 42156
180649 26594
181068 16170
182058 26188
183255 21621
184343 7411
184552 38402
186117 33540
186281 26237
187303 13029
187951 47904
189055 4356
190484 33666
191749 21449
192285 38102
193980 38352
195349 17059
196523 105
198110 3359
198990 6447
199813 4758
200500 1696
200768 45524
201342 4668
201763 35707
202194 43928
203010 29179
204446 12676
204681 16038
205482 14820
205888 48671
206040 34362
206902 19440
207271 7505
207421 13211
208876 11854
209703 42297
211304 8727
211579 7572
213194 2606
213533 44753
213916 37358
214177 42154
215709 11253
217272 6811
218385 49893
218862 34807
220142 48348
221571 31569
223211 33865
224328 28566
225126 27590
226696 16902
227852 9487
228387 20885
228766 23919
229319 48773
231003 27366
232667 31828
233455 11581
234669 5125
235018 38954
235705 41533
237193 9606
238856 39577
240462 38554
242020 30581
242889 40738
243317 47393
243922 49682
243962 17278
244107 20117
245537 49663
246302 16015
246775 48154
247821 25907
249409 43188
250767 8278
251534 33558
251567 14824
253255 9559
253367 49589
254638 16064
254652 14983
255312 21633
256738 34601
257126 33376
257259 31172
258636 22224
259093 27263
259753 46855
261447 26115
261807 15986
262827 48985
262981 47606
263783 7033
264878 17804
265952 19457
266933 30492
267994 34410
268499 11881
270061 44709
270978 7509
271502 8529
271886 47607
272925 24525
274324 16475
274903 13409
275427 34901
276868 43232
277507 43374
277962 3933
279649 18637
281344 19599
281911 40017
282800 28307
283242 44649
283782 17690
284099 31397
285543 12666
286267 24420
287790 19064
288401 41551
289235 14152
289626 30267
290829 42430
291824 2853
291859 30154
293397 36327
295079 17654
295340 41130
296651 18341
297741 46004
299354 33187
299410 12394
299965 13282
300515 23592
301990 26300
302609 28258
304031 46403
305500 27251
305562 9114
306872 47259
308491 5611
308771 36633
309804 47276
310570 1869
311147 9697
312001 47999
312119 5572
313040 25732
314587 10949
315037 48966
315078 28407
316516 16686
318037 44108
318627 19129
318658 15899
319002 44128
320137 47548
321398 38906
322259 34563
323705 34278
323758 17579
324180 44912
324439 14700
326017 8658
327613 36536
329296 31147
329765 35816
331200 17207
331499 35232
332541 18274
333430 19108
334120 28830
334627 24927
335640 23475
337082 16405
338118 42110
338584 9736
340200 5739
340250 20592
341056 30309
341885 477
343180 22739
344111 40328
344651 17696
346142 7984
346735 21535
347974 38035
349237 35783
350558 28485
351000 31339
351046 10354
351147 7667
352621 2843
353672 7006
354961 31029
356540 24639
357275 39578
358206 26285
358986 21157
360362 21463
360798 14156
361230 21988
361428 41149
362159 49106
362863 38910
363197 33259
363911 29272
364393 21334
365708 29107
367018 8465
368070 47216
368747 40521
369564 17699
370771 4934
370959 43111
371006 38246
372248 24085
372252 43732
373373 3414
373520 4014
375135 36441
375779 9328
377331 35583
378615 46601
378704 20489
379970 20192
380815 38056
381732 24914
383341 21435
384269 46397
385829 44157
387451 34120
388621 36469
389374 30387
389421 6781
389750 36684
390322 24128
390614 15738
392029 27364
393709 44706
394421 34203
395333 5295
395393 34187
395779 47001
396078 124
396281 29977
396549 38506
397269 39041
398634 14666
399900 23068
400085 31954
401490 2706
403108 48115
404096 15304
405594 37307
405626 4157
406318 17621
407312 29290
407398 42196
408968 49288
409932 42595
411209 45265
411968 938
412055 27402
412772 19885
413860 48073
415543 25165
416184 6997
417178 38646
418558 33412
418654 9342
419197 34195
419808 8309
419988 27852
421438 23615
422712 26651
423806 47922
424016 32736
425605 10899
426687 15820
426816 49901
427341 49817
428227 42975
428980 47055
429232 22497
429783 48268
430747 12865
431272 43640
432651 20459
433814 29479
435110 15998
436061 15628
437492 41530
437879 10476
439081 13142
439856 44736
441414 24440
442154 47335
442506 37572
443611 49947
444655 41678
445217 27176
446454 29713
447206 34864
448838 3563
449518 8619
450762 42585
450832 18702
451625 10872
452379 15788
452555 48038
453717 37417
453823 48142
454406 34874
455860 43904
456527 33928
456651 49949
457676 44707
458633 9651
459171 11213
459970 28197
460869 30327
462442 20144
462549 31737
464150 43998
464699 47001
465188 48093
465978 29815
466924 49220
467633 30438
467636 33841
469000 38185
469790 7164
470656 2948
470902 28779
471731 24903
472872 21089
473465 15110
474920 43048
476175 34861
476923 9607
477115 7576
477327 44632
478953 11498
479869 38768
480749 41006
481239 29759
481978 37490
482969 46092
483248 44284
484434 38811
484901 10850
485463 44213
485884 27636
486165 27375
487581 41543
488145 45949
489665 4676
490249 7280
491726 29461
492938 33399
493222 21729
494723 46091
495579 1998
496385 308
496479 36612
497503 27544
497617 41318
498510 31902
498734 9055
499837 9975
501161 26839
502208 3563
502970 19783
504331 47090
505146 2938
505827 37304
507182 5666
508300 46238
509570 25630
510431 42935
511958 27444
512488 14070
512509 41238
513614 30302
514194 35866
514439 14939
515710 37446
515977 12935
516225 47908
517433 13222
518857 5125
519453 30763
520521 46802
521670 9353
522438 30398
523338 1246
523945 39592
525412 37848
526973 31241
527660 10766
527870 45931
528897 6873
529742 26781
531178 23087
531246 33121
532740 38970
532870 18316
533650 15470
535045 43661
536535 36901
537061 9724
537726 8533
538911 43549
540564 32294
542252 23343
543530 41959
544192 24310
545613 30202
547170 335
547898 13546
548411 28211
549122 6319
549282 33205
549673 29720
549855 24094
550387 22505
551344 14029
552770 4160
553763 28249
555221 45732
556224 3095
556284 24298
557592 49897
558750 47113
559153 29843
559418 24914
561102 21508
562671 11699
563444 31480
564354 17303
564671 10655
565332 9931
566326 8987
567794 25101
568263 14652
568880 20831
569003 10970
570104 13817
571598 30755
572440 30070
572595 26226
573879 23970
574730 33905
575781 35397
575887 13420
575936 11113
576541 43927
577819 45936
578941 24438
580415 15513
580603 36825
581859 38818
583435 34855
584852 14828
585124 39506
586753 35852
588134 22247
588399 44493
589862 46107
590417 26689
591104 32592
592794 16428
593196 3511
593875 22552
595195 17229
596272 39628
596671 22932
597859 8823
599542 31817
599902 27542
600945 45201
602060 36727
602770 6358
604343 15741
604512 14550
606130 15524
606547 44689
608185 37381
609623 15177
610642 43318
612184 15426
613500 43545
614831 16686
615287 15625
615508 44441
616487 27673
616673 40295
617602 14168
618921 987
620454 6705
620734 41570
621212 13206
622092 10241
622285 9132
623011 39399
623691 43607
624671 30981
626257 38380
627270 34366
627300 42435
627901 21313
628568 17556
629446 34442
630303 46010
631786 37927
632808 41952
634065 14715
634809 17575
636474 2960
637333 4900
637620 38612
639108 940
640038 12716
640231 19011
640298 4006
641277 5501
641393 41163
642472 1454
643539 26248
644541 43483
645243 44247
646745 6520
647998 25711
648342 38265
648363 4607
648932 30339
650483 44563
650839 5622
651252 34048
651818 15435
652657 7222
653623 19849
654920 39304
655052 24203
656175 13634
657675 12245
658588 31488
659422 6051
660197 6750
660371 42061
660566 29658
661603 19420
661607 9467
661800 13475
663304 3140
663475 44400
664117 29206
664600 18597
665820 30100
666013 20638
666486 45025
667622 3384
669308 36642
670639 22434
671366 2072
671640 37378
672492 42766
673420 41095
673811 24621
673922 10721
674674 34638
675402 38128
676492 22634
676741 19695
677840 44890
679146 40327
680217 5593
681133 46068
682646 11288
682699 4117
682996 13675
684191 14553
685484 3186
686865 36583
688456 1032
688557 15606
689533 33476
690277 49625
691623 28864
691951 21472
692017 49803
693049 24697
693816 19485
693880 31903
695295 8889
696873 33682
697731 44168
698225 49360
698249 38075
699207 35025
699862 37173
700433 36578
701159 26764
701351 48201
701609 13124
703174 3634
704029 4245
704538 15999
704970 44550
704999 2264
705600 1191
706484 7714
707519 2428
709052 49698
709201 9925
709487 20669
710335 32830
710479 28630
710572 28278
711248 35876
711530 16623
713125 44224
713445 24956
714142 17751
715791 24017
716527 3639
717128 10080
718212 13309
719503 27290
720282 45234
720404 35524
721681 33238
723282 14705
723776 49315
725293 4250
726198 30600
727487 40284
727652 28461
728210 11725
729640 28457
731243 11325
732334 17542
732862 28961
733605 5612
735239 21294
736729 21559
738148 6999
738343 37901
739791 34697
739983 43347
740740 21426
741772 42900
742286 10844
743523 49000
745118 10492
745833 5275
746069 45300
746643 46992
748172 1653
749481 8925
749962 560
751101 20466
752561 37142
754166 9403
755053 4345
756216 41221
757174 34566
758663 35722
760247 26818
761131 43068
761580 28754
762504 30995
763474 37606
764735 23484
765976 1860
767320 37530
767776 48183
768184 40730
768689 37986
769006 23638
769888 46038
770191 22503
771608 49643
771772 10671
772955 23719
773857 21409
775487 24341
775790 33845
776198 22645
776702 39850
777986 1588
779452 9327
780365 20991
780380 13056
780664 29707
781752 12640
782608 26268
783979 31522
784372 12720
785146 2222
786162 10171
787575 1046
789128 42091
790217 42368
791413 44667
792167 42452
792902 7994
794291 14317
795378 35144
796815 10525
798155 10305
799713 17983
800425 11994
800464 2491
802138 25193
802345 49628
803571 38655
804544 8403
805039 9854
805880 21594
806091 1550
806552 14919
808045 3348
809208 6588
810839 37946
812035 15333
813381 20813
814920 2103
816212 25998
816719 26422
818135 31031
819271 29550
820342 17810
821219 43114
821872 48749
822912 10709
823904 32447
824391 49813
825980 17915
827230 21980
828350 10636
829774 19058
829964 10401
830619 42976
831808 6157
832710 1423
833292 20506
834764 194
835447 4354
836253 28034
836796 12892
838238 23121
838767 24646
838859 26007
838875 46337
840096 34365
841268 24925
842668 13847
842801 7390
844292 24604
845141 9268
845990 35707
846923 39907
847153 45485
848070 46449
849262 15411
850893 1248
852450 19836
853793 42119
854751 32660
856305 23904
857828 22499
858322 4444
858886 37070
858962 18900
860218 2703
860287 35227
861851 18073
863068 35321
864717 49667
865725 618
867187 1966
867747 27473
868616 11085
870265 7059
870796 41064
871873 33113
873417 2421
873946 10916
874687 12398
500 100550000 1000000 1000
839 25497
1472 36
2348 17882
3893 21315
5571 15502
6233 14078
6381 11683
7977 20442
8147 24559
8898 17570
10417 21706
10760 10705
12382 26338
13817 15624
15349 7202
17008 20719
17675 10889
19109 29896
19650 17090
19892 24637
20103 5620
20757 11490
21822 26919
22678 1966
23376 25124
24273 9161
25121 24789
25973 7919
26871 22691
27138 2526
28429 17399
29130 19306
30633 1793
30744 24394
31987 24145
32787 24923
33856 25338
34066 24249
35138 3863
35194 6669
35601 28107
36999 1912
38079 26958
38334 3696
39178 23590
39528 4650
41156 4403
41688 20016
43048 9693
43983 27995
44558 19400
45436 28930
45677 21265
46065 19568
46377 14265
47024 9761
47291 17046
47892 12189
48100 17675
49435 22083
50362 1476
51580 21686
52461 5419
53352 10218
54237 6599
54664 28179
55091 22862
55594 21176
56746 11716
57332 3855
58778 25210
60115 7761
60222 7232
60743 18377
62109 28711
63807 7631
64252 3721
65715 19108
66676 26044
66909 8143
68261 23393
69149 10124
70111 7770
70696 7499
72149 8353
73823 22758
75351 18122
76620 13282
76988 14516
78303 19360
79704 5126
80864 23764
81021 6074
82513 18441
83753 29366
85134 4299
86088 29719
86143 10392
87211 15071
88894 16098
90537 24458
90669 5192
91874 11783
92097 18396
92317 2613
93487 28473
94881 21512
95959 20451
96905 11650
98167 4919
99435 22227
100683 7517
101052 6429
102199 9607
102895 1007
103980 26447
104481 1974
105765 21558
106110 13491
107773 13779
107881 21676
108617 5953
109569 26997
111036 28117
111560 945
112251 16283
112404 6463
112526 25317
112587 5423
114117 22510
114944 204
116082 23452
117410 26529
119026 15566
119763 9830
121020 20205
121815 7284
122987 25847
124519 22101
124666 23583
124773 506
125662 24436
125757 24088
125988 27954
126884 7233
127452 28848
129081 5680
130251 1059
131300 8477
132350 6992
134025 29951
134614 19116
135277 26544
135663 11602
136683 25480
138326 18028
139621 22874
140887 14996
141688 2696
141709 3397
141769 29842
142533 24794
143477 22134
143889 4301
145393 15251
146276 15190
146385 213
147317 2756
147556 18394
148656 7539
148845 4456
149359 25009
151051 3229
152723 7968
154049 18442
154777 29556
155047 1182
155205 21320
155583 23103
155652 20608
156323 5658
157099 25213
158547 12649
159791 23968
161149 14734
161876 429
161924 21599
163028 16164
163243 20
163812 19166
165298 9926
166005 27285
167267 11533
167659 25009
167772 12962
169121 26584
169647 11255
169872 988
171565 23128
172785 26823
174233 4763
175108 18584
175450 29193
176112 8820
176852 10802
177528 29759
177846 15141
179056 25266
179300 10918
179865 17655
180113 21686
181314 9992
181791 22240
183017 15990
184334 5612
184599 24819
185356 11697
185770 9090
186831 11789
188232 28335
189700 23608
190826 19229
192356 11841
193800 25300
194684 907
196381 13938
196538 15559
196666 21943
196905 12267
198139 23979
199146 931
199914 3024
201538 10316
203131 17942
203158 15109
203975 29812
204053 9607
204504 16297
205965 22150
206486 5795
206768 5345
207824 2686
209066 26987
210039 10178
210805 20515
211080 24684
212186 23444
213514 384
214061 9743
214280 16362
214928 16319
215187 19008
216079 12801
216622 7763
218271 9392
219411 8880
220423 24058
221199 28641
222721 16588
223098 13196
224372 5027
225635 27971
226154 10483
227276 8597
227468 12515
228141 23187
228299 7990
228995 25517
230041 25565
230222 15685
230396 20386
231230 18949
231352 29575
232794 22010
233652 8112
235007 22
236408 18026
236601 17732
237174 27469
237842 6244
238720 1853
239501 10588
240307 17778
241853 28172
242094 17438
242532 3945
243883 28121
244901 9522
246304 17933
246542 12645
247677 11891
249051 395
250466 12253
251786 21031
252714 8061
252823 29373
253360 10558
253864 8240
255074 11656
255385 348
256601 25493
257593 472
259103 22070
259993 734
260384 16460
260512 8359
261986 14931
262488 24407
263493 24310
264632 8581
265610 27310
267042 22085
267908 6137
268619 5781
269500 19625
269585 22794
270651 28779
271273 26242
271648 23588
272138 14790
273393 28046
274356 27372
274911 355
275798 264
275969 15731
276757 11342
277557 23175
278978 21935
280117 9706
280758 18278
281346 29303
282590 17451
282914 14565
284035 12856
285301 20854
285851 10616
285945 15590
286029 17392
287553 10369
288625 15900
290087 9850
290639 20158
291367 7778
292690 22385
294350 27725
295883 14122
296578 18525
297115 17437
298683 24199
299788 16771
300172 26925
300874 27855
301416 12110
302981 7455
304204 5381
304720 10273
306141 24358
307275 23354
308696 28633
308757 13029
309378 22021
309504 15507
310561 28213
311061 15178
312699 5517
312743 28374
313292 27634
313785 8230
314859 24379
315778 18495
316027 267
317504 11292
318823 2012
319802 16381
319905 12812
320444 26378
320669 4571
320893 27968
321033 7862
321277 29240
322643 6754
322897 22367
323673 78
325305 26848
326993 2259
327178 2825
327685 24524
328950 29393
330509 15598
330887 21263
331605 18490
332974 11090
333086 16232
333701 7572
335056 9433
336183 4900
337644 21859
339031 2327
339227 17895
340648 23952
342305 29377
343033 2539
343432 4473
343593 15664
345283 7566
345518 19410
346913 20781
348193 22621
348343 654
349390 19229
350888 19680
352106 23427
353452 12665
354724 8457
355479 12541
356014 14229
356649 23616
357183 20259
358597 5519
358827 25492
359664 1803
360388 10940
360729 2880
361572 26383
362117 8659
362505 898
363312 5396
364065 12292
365152 1467
365625 4110
367207 17574
368007 18658
368766 18208
369828 5654
370188 19422
370637 5923
371500 23110
371821 12567
372375 4179
372707 5283
373408 28127
375071 16433
376197 7548
377198 11988
377397 16252
378937 17270
379557 11695
381137 10225
381692 5620
383347 8113
383728 9719
384156 22443
384684 4427
386333 19887
386804 6710
386813 25802
387960 8097
389004 11088
390060 20627
390692 6224
392264 16738
393030 14153
394519 3695
395990 25402
396543 19624
396931 7887
397752 21939
398000 2400
398988 29418
399185 21546
399471 14688
400150 29382
401620 5672
402133 20529
402295 5473
402332 6586
403984 14666
405023 24454
406095 15912
407210 9354
407802 18585
408970 23252
409009 27299
409159 16478
410202 26782
411475 15229
412950 15742
413191 11864
413652 8299
415112 2055
415467 16601
416280 4327
417785 16223
418474 27819
418781 517
419427 10931
419858 22481
421154 8111
422852 28482
423840 1036
424805 26155
425049 12481
425080 20607
425327 7966
426393 9700
426859 6593
428463 19871
429410 27764
430604 17014
431057 26456
431241 1480
432747 13235
433753 2442
434482 1596
435169 19619
436003 11242
437073 18237
437866 22904
438654 28063
440053 16526
440506 29385
441903 22159
442311 428
443743 11100
443882 5633
444695 25730
445961 25390
447331 3315
448549 4378
449671 22679
450880 8406
451170 5739
452779 3283
453477 19795
454578 25430
455640 15450
456043 11551
456457 20297
457528 15881
457982 13805
458278 5222
459372 16559
460990 12226
461824 11788
462965 25432
463848 25445
464210 20460
465695 18836
466695 28927
466747 1154
467717 13220
468881 1863
469691 26189
469937 25692
471417 15903
472332 3677
472804 8898
474413 19865
474944 17038
475925 23365
476877 20401
477501 5693
478106 4330
479039 17607
480551 25792
481781 19303
481877 2575
483073 27873
483279 19883
483875 11075
484618 14186
486049 14024
486868 17944
488042 2684
489493 3281
490817 22583
491380 8579
492625 16305
492798 7870
494315 11905
495363 25011
495769 9800
496645 1401
496658 2789
497340 3798
498011 28016
498627 25146
499132 27664
500365 22591
501287 394
501757 8504
502235 20936
503048 15485
504630 15837
505537 16242
507048 17462
507746 6216
508291 28703
509286 744
509880 29262
511219 24973
512881 25847
513146 29956
513530 1801
515224 5907
515491 27813
516223 23459
517175 104
517186 18975
517680 10880
518896 16493
520451 25271
521891 22840
522821 11452
523180 28154
524425 2667
525081 3074
526728 7972
526923 9275
527078 8814
527306 16745
528150 6009
529707 15351
529991 10844
531265 19884
532348 24797
532570 29125
532718 11306
534056 4992
535515 25189
535598 27807
535952 508
536049 18045
537242 22617
538447 20082
539923 14159
541024 11785
542151 16083
542896 23888
543457 22499
544589 8352
545514 17042
546830 17345
547598 1061
547956 17396
549651 6018
550503 9035
551372 915
552270 20531
552675 6831
552684 20851
553226 27112
554444 25578
555827 10623
556882 940
558089 5907
558948 26300
559720 26172
560202 15416
561036 4899
561566 15974
562572 19397
564261 23010
565796 15120
567242 29481
567875 7236
569025 22885
569038 7443
570167 25092
571030 27819
571980 5169
572401 4450
573339 24457
573891 2685
574746 23028
576084 9279
577110 6677
577146 9265
577962 15614
579648 19096
579858 18011
580031 19226
580312 15824
580787 20541
581157 14884
581225 1760
582445 13303
583103 16354
584492 10878
585584 15254
587135 23724
588243 20335
589917 28986
591302 29915
592143 26588
593484 13314
594092 6810
595217 26166
596857 11795
596982 3270
597853 10383
599300 20456
601000 1126
602360 11097
603207 1542
603520 26852
605055 24307
605199 3655
605913 9322
606292 15914
606387 27453
607330 5312
607746 12801
609271 12119
610910 4630
611068 3040
612169 27183
612837 2930
613754 11772
615158 4040
615695 1299
617022 23404
618640 20580
619333 1809
620299 13129
621119 673
621310 12842
622897 21831
622924 24812
623302 28641
624868 14413
625835 621
627306 719
627739 11672
628180 11563
628784 27692
629912 1553
631486 21278
631620 25542
632706 24871
634035 1155
634053 16009
634728 15455
635591 7049
635706 1873
636881 14224
637996 6200
638850 3060
639670 3820
640944 10291
642078 20545
642455 28141
642960 14595
644484 23181
645193 3694
646036 10648
646715 5883
647280 7435
648896 14829
650555 14686
652244 19278
653839 5488
655056 12126
656368 9661
657803 18314
658762 4340
659509 7240
659570 26881
660510 26574
660970 7199
661266 21435
662213 22999
663569 6164
664414 29503
665209 21471
666303 5967
666930 4322
668350 12474
668401 18136
669250 16928
670362 20646
670456 27682
671219 28182
671415 1579
671890 29056
672658 19505
673033 7003
674355 20908
674533 17268
675110 21584
675510 27041
677028 15942
678169 22289
679859 19722
680850 27420
682138 24189
683297 28782
683762 16367
685319 7994
686934 26643
687997 11775
689490 19370
690058 15481
690424 26818
691885 3429
692516 16155
693921 128
695531 26246
696521 28126
697509 744
698830 947
700394 17600
701773 16300
703014 22051
703903 12061
705289 5323
706301 9292
707521 14306
708586 3646
710199 4011
710709 19540
711682 15903
712653 20303
713083 6768
713436 2382
713739 1484
715197 21889
716003 28014
717519 29233
717536 29446
718097 14048
718210 9608
718756 29910
719342 15796
719928 2340
720391 17177
721214 11567
722761 5794
723485 26620
724401 20242
725238 1340
726188 15415
726542 22324
726752 16591
727912 24141
728965 28076
730209 11970
731261 11216
731517 17672
732995 16897
733648 19609
734577 2132
735986 7301
736552 9495
737063 6078
738746 29097
739857 17124
740235 12328
741294 5890
741661 12182
741899 18559
742808 13110
743682 886
745092 24816
745409 19381
745598 4597
747058 16772
747709 3612
748083 15895
748182 14248
748210 4027
748557 15885
749110 4794
750510 24501
751874 29558
753432 23319
755041 13327
755748 18489
756868 15042
758156 8783
759578 27517
760628 29189
761965 10138
762149 4529
763329 9197
763863 25628
764645 5908
765887 1746
766523 22198
766565 27090
768123 8185
768666 24855
768791 14419
769037 23585
770614 10882
771974 13676
773573 11485
775240 28796
776113 21098
777435 16233
778485 25119
779237 20755
780620 28195
781242 13397
781347 17347
782263 6920
782535 17304
783854 17249
784419 7157
784869 23722
785384 23634
786783 24229
787855 7659
788369 23899
789531 5673
789718 101
790990 26754
792571 26318
792692 5879
792984 25656
793388 29861
794638 28145
795179 26281
795790 29918
796950 24264
798481 17426
798703 20216
798843 9616
799788 24224
800972 2128
802414 24415
803308 11275
804679 2841
806111 10672
806228 25766
807886 2840
808219 27261
809242 29429
809734 574
810198 7846
810803 18047
812460 3904
812811 7533
813507 22591
814694 17297
814963 4940
816437 6806
817577 20813
818990 22868
819749 3260
821332 20668
822508 15395
822519 699
824088 21459
824125 15237
824926 11031
825698 690
826866 18041
828065 12560
828286 7507
829160 10968
829652 13986
831164 3554
832495 8256
833921 29277
834922 25334
835877 5342
836868 8894
837768 26089
839277 29349
840639 23506
840928 13432
841301 43
842653 26589
843529 28489
844062 2958
844295 3149
845079 2060
846729 29036
847261 16984
847806 13654
849461 1512
851105 16768
851531 19597
851935 16668
853513 23713
853953 802
855424 20379
856433 24514
856734 15354
858422 23972
860062 17723
861240 28198
861825 21771
862251 20328
862805 21346
863068 11146
863957 19231
865644 27910
867256 1351
500 950000000 10000000 1000
7533 33544
12550 34648
13393 47575
28646 34815
36551 40717
49511 29896
61614 11039
74145 41164
86196 26695
93387 30672
101453 16819
117781 45072
124129 14396
129444 45918
136717 38512
147171 41314
160573 9183
176250 3278
189671 44645
204019 22845
212880 42275
220921 48693
225387 22131
238478 46183
239915 29115
241246 23391
254289 2638
267699 33302
283541 39246
288323 47937
298544 7852
304280 45461
315298 31544
320389 27256
328863 38
345276 22097
346643 17051
360373 615
364139 47595
378854 7144
380666 46752
389265 12615
389900 34935
394220 24908
401445 36171
417938 16534
420278 45406
421337 11712
434297 17940
434379 11026
438104 27421
443504 13121
453679 44075
460047 39539
471452 18738
478437 20467
488409 32453
503582 29704
518757 4222
524460 33510
540686 45126
545276 37565
549311 44509
562810 746
573043 39443
578913 45880
586289 9162
596418 36201
604687 25221
618120 45114
629319 15086
644952 17209
651771 48854
663302 23350
676457 39267
690040 15074
696274 33058
707510 32036
709967 5254
720365 11853
726419 21266
739815 31658
740498 24783
756605 6299
767148 9625
777697 8716
793610 4793
807635 34844
821590 36886
827942 36583
831165 29825
847625 1765
861926 36859
863613 49741
878058 3554
880792 39097
884392 19886
901293 35604
915846 40077
923944 6436
938868 21180
946222 16222
958727 8558
965452 15924
973569 30574
983359 33353
988996 31908
993969 23675
1004537 43867
1011825 10752
1023322 11111
1034306 26298
1036872 11460
1046845 45691
1060426 14767
1068342 25409
1078885 44814
1088401 42381
1090506 25599
1104989 17023
1115067 48130
1122557 12786
1132851 29566
1135644 13191
1140717 8641
1145237 21864
1155164 40550
1167659 8866
1182044 45752
1198098 1027
1209771 45997
1222467 27728
1233196 31088
1238730 14744
1254963 8734
1271712 36425
1274889 35511
1288813 42469
1300058 27769
1312813 14752
1320521 45262
1329440 44428
1331447 7937
1343583 5994
1344861 12607
1351878 3594
1357311 44360
1374038 30724
1386161 1535
1386384 36542
1397732 38132
1405701 40639
1407288 5557
1421515 12920
1426900 49391
1442254 44191
1459115 20964
1460008 26549
1464891 35844
1474565 40350
1478850 23808
1490656 23237
1501570 10785
1515892 8243
1527018 17260
1531873 16511
1548184 23051
1556146 25094
1566426 39691
1577589 42044
1581117 25256
1584452 26210
1589778 39405
1593956 25754
1605425 48684
1614535 6120
1629198 15096
1639137 2629
1640569 49940
1643873 6845
1650712 40319
1662211 34812
1674849 12466
1686769 49546
1688555 19227
1695503 41752
1706315 10045
1716180 48598
1717652 34772
1720887 18469
1733556 20328
1744926 7120
1756389 25349
1768164 20135
1772586 7277
1784918 27996
1801737 13805
1805373 42721
1814895 33939
1820127 18849
1834424 28108
1848393 16324
1859436 2272
1866769 9243
1871895 7012
1872417 9436
1884191 13470
1896418 40628
1901221 46401
1917534 3341
1918457 13919
1935207 9284
1939849 30291
1954613 48335
1965662 49803
1979361 11671
1988012 40110
1994393 34066
1996634 401
2011747 48173
2024172 40891
2028857 13860
2038898 19388
2055855 16235
2065929 32743
2069391 35327
2073342 34103
2073420 23564
2085364 40704
2097467 33253
2105825 15004
2121965 7302
2134858 11778
2136745 8960
2144340 11976
2150396 13682
2152472 2170
2165480 43473
2176411 3808
2180526 29188
2194572 46820
2194620 36518
2195349 12480
2203669 35172
2214616 28652
2223042 49262
2239762 1009
2243776 12175
2260488 16851
2265203 15400
2277976 36937
2282387 21926
2289331 38977
2304609 219
2319665 25503
2322253 46494
2338586 23669
2349348 15739
2354133 20024
2354562 39152
2365075 28180
2369071 29465
2371818 25671
2374523 47239
2379966 16930
2389620 37323
2402470 1397
2407389 33611
2420932 39346
2427649 8709
2437393 26185
2446121 10029
2463036 17145
2465583 42511
2470648 43668
2486817 34859
2490760 16947
2499479 47247
2509924 33833
2512326 28060
2512802 36189
2517237 15960
2517713 24619
2531899 30634
2533080 2861
2548574 7368
2553923 37484
2564110 11506
2565435 12297
2570473 31815
2571294 34411
2572676 47659
2576871 13269
2583763 31424
2594852 48641
2607327 7628
2609158 46406
2613839 11038
2616153 28469
2617192 4945
2623629 13933
2630230 15819
2637518 23155
2650747 3017
2667383 934
2680968 29445
2687953 31278
2700049 45167
2711271 28395
2726895 8222
2734167 1369
2738736 32385
2755329 33995
2759936 37509
2773135 47277
2788688 21447
2797575 17682
2814357 21408
2818804 21776
2824955 43791
2837170 19408
2841966 1071
2847203 45394
2857009 27374
2867377 19079
2871161 7585
2885348 42048
2897332 38970
2912514 40444
2912605 22807
2920956 44962
2931950 40122
2943838 14174
2957519 45923
2963841 24853
2968835 7809
2973000 35405
2982355 8066
2989600 19219
2993757 4022
2996894 11151
3002418 34926
3002896 24087
3009338 38378
3011392 30805
3015064 39356
3015903 20767
3017147 25943
3027289 48603
3043806 44113
3048153 1323
3049210 39334
3063934 36733
3079698 19764
3090644 4029
3099095 11186
3111511 29207
3123075 17505
3123953 27751
3130323 5889
3139444 3476
3148969 40224
3153319 12668
3165754 36190
3167887 26027
3170503 40632
3183068 1144
3186877 3319
3186996 46333
3188148 31374
3200980 294
3216543 30751
3230334 9489
3238491 26225
3242142 36771
3249299 20773
3264460 21550
3265950 11670
3278553 26061
3289960 12562
3303882 25391
3306574 25125
3310639 30847
3315667 5071
3327830 26454
3344118 8616
3344328 21713
3359435 24880
3363323 4402
3372978 25678
3380917 13235
3390050 4436
3402328 16289
3402347 8152
3411599 17750
3412161 34967
3413963 28491
3427631 49767
3442060 35022
3444856 19413
3457606 17835
3472331 2856
3475383 6518
3487924 19245
3493748 7524
3498427 25728
3505309 40737
3516408 42476
3532321 14214
3543505 25182
3545658 5730
3552653 17791
3553766 24266
3562803 39191
3578893 27522
3582296 6931
3585634 26486
3597970 46686
3613240 36152
3614499 39630
3620759 46812
3622061 28438
3633221 38040
3635465 14787
3636610 5681
3651963 4547
3654848 21925
3655858 21089
3671885 2651
3679619 30307
3685508 10504
3702073 42897
3710142 42857
3720420 43796
3735751 41109
3752654 3250
3768928 47542
3785292 14246
3794906 44748
3805354 27364
3815089 5831
3819983 1676
3823961 30656
3834905 45329
3846806 9295
3848300 46317
3852972 36180
3869533 8527
3869780 48484
3876305 6036
3882043 26084
3884309 996
3899925 790
3916492 36341
3923222 7030
3925888 25210
3933471 26171
3935185 25190
3944913 48142
3955729 33387
3959605 28142
3967285 8435
3970181 29272
3976830 35863
3986554 1890
4002280 45896
4003790 18700
4004878 45456
4015961 18863
4018150 25352
4025068 3954
4040268 31201
4047761 1584
4056679 29688
4064333 22505
4078786 44554
4094147 22278
4103100 2430
4109262 26239
4119462 30366
4126302 27279
4139850 11479
4153682 25149
4168873 31035
4170548 19553
4170884 29597
4171054 5800
4180695 15089
4183956 13109
4199182 18830
4213729 18075
4220592 20990
4222784 4948
4234715 11697
4250949 17143
4256668 26898
4270396 23408
4277425 6158
4278847 20458
4290576 36662
4293521 24679
4306287 29549
4322457 48561
4325427 19703
4330305 8000
4331727 33774
4346941 47673
4358671 18121
4358885 32495
4371912 30902
4382161 48061
4390627 13671
4400265 49868
4413669 48046
4424667 42389
4436174 29349
4447337 35818
4455318 49313
4468178 21385
4476736 9299
4492598 19083
4493609 38291
4508647 39671
4518723 3785
4532745 19461
4537243 37174
4547917 16607
4555926 42351
4565977 28771
4574746 28827
4585587 41219
4595869 24168
4606244 36658
4622379 39554
4635324 7997
4645845 6977
4655318 3780
4662822 2119
4667697 25774
4669503 23533
4673008 12405
4682653 37580
4688459 5975
4691906 40221
4696587 30738
4709218 30295
4719158 31517
4726591 37315
4735831 48384
4739874 49914
4739992 21736
4742442 19392
4746451 22419
4758936 29885
4771949 44600
4783199 20224
4798006 34565
4810600 46673
4823412 30978
4824893 29970
4832590 32782
4845737 2298
4859543 6805
4873747 23017
4880089 19324
4893002 28863
4899026 36212
4915302 26394
4928103 7727
4941842 3051
4945976 19181
4949354 32664
4959437 17624
4970683 6687
4976768 42271
4987395 32548
5003837 10633
5014078 5362
5016416 21316
5030727 41158
5041059 49942
5053017 41365
5062325 382
5066312 45483
5068503 5599
5071080 17272
5082065 33356
5092037 24899
5105503 28142
5106514 4937
5108111 46110
5123526 34044
5129229 36131
5134942 36674
5139043 49661
5150337 34600
5155874 47310
5169995 29730
5186227 6673
5188741 2245
5199753 36393
5200885 21972
5217759 19341
5221746 6102
5234734 3499
5243786 26360
5252542 23232
5259407 12140
5259654 12192
5259751 29147
5267642 41832
5280624 3034
5297167 27872
5307189 11016
5322721 43864
5331841 30971
5333836 36343
5345936 22987
5361905 40237
5377215 13042
5384182 43682
5400389 25124
5402894 40104
5415455 1866
5426280 6103
5435027 32229
5435828 22720
5452151 47646
5465592 30142
5471614 44362
5480714 27744
5490104 16867
5492327 1098
5493984 6242
5508582 21797
5516446 33743
5525730 32959
5536243 46847
5536669 1011
5544598 32529
5559188 24918
5575316 41726
5584048 10006
5599062 17722
5613530 7904
5616958 48915
5620669 39186
5634949 21153
5645171 36583
5651078 8859
5664721 26149
5677849 27729
5682986 2694
5695874 28551
5700242 38995
5703204 33925
5714280 28244
5717848 45883
5728192 30732
5733344 9478
5747473 7578
5750162 8161
5758842 25987
5769303 8073
5783534 11214
5789727 49814
5790891 19663
5793851 21650
5807921 40594
5824001 3159
5836412 22506
5848593 9376
5852478 47125
5855003 35479
5871481 40205
5884012 40161
5885825 39976
5890512 44406
5906683 14814
5917184 43426
5918022 34667
5919558 47591
5935022 2749
5951662 25105
5957530 45643
5973607 38267
5976687 12694
5988641 29187
5992958 47172
5994589 5095
5996491 24004
6012664 31212
6022730 26231
6037803 22451
6044714 39075
6058508 21558
6065213 28276
6067620 25236
6068900 24491
6078647 7317
6090459 24872
6095922 29450
6103705 34900
6109200 8070
6116856 18786
6129470 9702
6131177 38435
6135384 27949
6149692 38343
6163628 38022
6173627 29394
6184885 22988
6193513 31130
6208441 21880
6224834 4090
6234096 34851
6237196 5745
6245413 24267
6249519 39961
6255910 39911
6264041 487
6276223 25645
6285447 11202
6300364 30862
6302686 4516
6308947 8719
6318744 49522
6335147 46793
6336993 2645
6353780 12109
6362636 1770
6369928 7220
6375391 48874
6375643 42944
6389893 27330
6403791 4700
6405758 44589
6421359 10170
6430616 1244
6432486 2603
6440613 21538
6452690 30034
6460836 10900
6468988 34802
6480572 43794
6488855 40428
6505158 45683
6518901 33695
6531931 9999
6532147 48732
6548415 34331
6560113 41116
6569598 40452
6585562 30700
6589635 17501
6600589 23050
6615439 32608
6627105 13800
6638379 44271
6650027 41808
6652447 49785
6660517 9659
6672770 10438
6682726 15245
6696833 6690
6703109 7080
6713360 9148
6723753 11866
6735365 30413
6739381 42665
6749911 40832
6753993 40200
6765898 15668
6780536 20282
6781618 28846
6782062 19253
6799029 47439
6810538 3547
6826558 29122
6839292 48662
6854002 46026
6858721 35112
6866873 16600
6871359 36861
6876589 35730
6885968 31318
6888133 24306
6898380 131
6899674 20549
6911854 24888
6922950 5770
6929516 39650
6941230 16387
6953358 41124
6960451 43208
6967655 12320
6975727 34348
6985598 21902
7000306 7223
7011618 18691
7020200 46519
7031145 20167
7042843 51
7043783 29775
7058829 11797
7066428 38023
7074834 19186
7081202 28420
7081670 32313
7094212 35832
7109754 22707
7115202 27502
7122710 46240
7131501 25518
7133430 25439
7133560 13916
7142020 15603
7153261 8155
7157591 20883
7164460 3450
7168847 10793
7173919 48309
7176881 14041
7192295 46909
7197458 2912
7198035 22723
7206288 24982
7210806 49341
7226947 47450
7227354 12042
7242755 1301
7244717 44520
7261445 15235
7272856 44661
7273384 20440
7286778 33675
7289282 46096
7296782 297
7309144 13903
7326073 11566
7337950 45078
7352088 36856
7358578 3584
7364723 10538
7365484 8755
7374090 21883
7385960 49671
7386439 40119
7391231 34035
7397822 37728
7404580 16572
7411940 10110
7412415 29025
7413532 17611
7421002 27439
7425783 29337
7426810 4747
7442703 32965
7458966 5427
7470372 20728
7478631 38546
7491908 4214
7495147 27466
7497903 45125
7509611 12047
7514732 20674
7516413 3087
7521878 47619
7536087 1156
7541554 27899
7546354 40887
7563195 10960
7576018 13208
7578520 31055
7583088 8767
7588364 40335
7591903 11107
7596624 14764
7602631 34799
7612283 3133
7627949 44098
7633073 19277
7644960 30839
7654135 39519
7668769 14607
7669751 30615
7681316 21842
7695859 11429
7703331 9318
7716982 142
7720617 40466
7733452 11014
7737798 28652
7751288 42014
7754955 1194
7764211 20064
7765629 18888
7775150 31329
7776726 11204
7785629 12017
7797977 41082
7814316 2185
7826261 29608
7839195 22241
7854782 11535
7862611 43288
7871382 6499
7878968 31391
7888694 32062
7901353 1230
7915916 40046
7928903 5985
7944162 35867
7948397 24166
7953300 7090
7964978 42791
7974405 16210
7987777 49425
7997273 28775
8009256 40850
8018979 8547
8028474 20
8034987 13309
8038661 37998
8043631 22813
8049748 260
8066420 9495
8078457 41347
8086904 11200
8087907 49145
8091417 39353
8105175 20751
8116047 16323
8124582 12824
8141141 40093
8152575 43217
8154131 9992
8155547 3914
8171768 20929
8176435 29116
8186948 26275
8192623 36937
8198836 20065
8215400 17750
8219308 14555
8231474 18712
8243179 383
8255566 5130
8257381 24020
8273201 35739
8289023 15344
8293931 17998
8301483 37078
8313623 45157
8321721 13420
8326142 42485
8328093 36049
8343019 40689
8343377 48961
8358748 26039
8359933 33532
8360622 35717
8361907 29895
8369838 31767
8371782 40402
8388079 44708
8394960 17088
8410588 9742
8422913 46571
8439235 26204
8439441 27821
8448136 6431
8450395 40205
8465013 42383
8467881 1729
8470983 6596
8476911 16779
8487505 47979
8503142 4073
8505868 19433
8510891 32686
8523878 34696
8524817 49799
8530098 21163
8545074 3004
8559518 37820
8570398 16550
8573822 30077
8574514 35163
8587459 10248
8590915 14922
8595876 6094
8602425 3056
8604445 18300
8617983 42646
8628544 3030
8630845 11841
8642658 43095
8645675 34434
8657096 1527
