100
1 4 2
1 7 7
2 5 1
1 12 5
17 15 11
20 20 15
4 16 9
9 10 1
1 20 1
2 4 1
20 10 10
1 20 20
4 6 2
19 8 4
1 14 11
20 20 10
4 11 3
10 20 20
18 4 3
10 7 3
7 9 9
13 17 14
6 1 1
8 11 8
2 19 8
1 7 6
20 4 2
19 1 1
6 13 5
1 6 3
12 9 6
13 11 1
15 3 1
8 10 5
3 6 3
20 10 1
12 9 8
1 7 7
19 4 1
16 7 3
19 10 5
4 20 15
20 7 3
12 20 11
20 20 20
10 20 1
10 20 10
15 16 6
13 8 7
13 4 2
1 12 12
6 11 5
2 5 3
14 11 10
1 7 2
15 11 11
3 13 10
1 7 5
4 13 7
8 10 7
13 14 1
7 14 1
8 11 6
3 6 1
7 9 2
1 13 6
18 3 2
9 19 10
3 17 8
1 6 5
19 17 15
10 11 5
1 6 6
20 20 1
20 11 3
10 4 2
1 19 4
1 6 2
6 10 2
1 10 5
1 6 4
6 6 5
1 7 1
20 18 13
15 8 4
20 1 1
15 8 2
3 9 4
1 20 10
9 3 1
11 15 7
8 18 16
13 5 5
15 17 3
1 3 3
1 6 1
1 7 4
12 2 1
1 7 3
20 10 9
